timestamp,location,ground_truth,prediction_value
2018-05-01 01:00:00-07:00,61,2.20000004768372,1.05549999838074
2018-05-01 01:00:00-07:00,62,1.5,1.0129000008941733
2018-05-01 01:00:00-07:00,63,1.75,0.8542500004051701
2018-05-01 01:00:00-07:00,64,2.40000009536743,0.9314500022087064
2018-05-01 01:00:00-07:00,65,,1.806750004918626
2018-05-01 01:00:00-07:00,66,1.20000004768372,0.47429999604572703
2018-05-01 01:00:00-07:00,67,1.89999997615814,6.708850035835034
2018-05-01 02:00:00-07:00,61,2.40000009536743,1.0834499919414506
2018-05-01 02:00:00-07:00,62,1.89999997615814,0.800749990046024
2018-05-01 02:00:00-07:00,63,3.20000004768372,0.9430499835312389
2018-05-01 02:00:00-07:00,64,0.899999976158142,0.9072999820113177
2018-05-01 02:00:00-07:00,65,,1.1189499826729286
2018-05-01 02:00:00-07:00,66,1.20000004768372,0.5800499906949699
2018-05-01 02:00:00-07:00,67,1.89999997615814,3.8645999372936832
2018-05-01 03:00:00-07:00,61,1.29999995231628,1.0294000069797007
2018-05-01 03:00:00-07:00,62,1.60000002384186,0.9752500049769859
2018-05-01 03:00:00-07:00,63,2.64999997615814,1.0969000037014482
2018-05-01 03:00:00-07:00,64,,1.439849998950957
2018-05-01 03:00:00-07:00,65,,0.5575499951839444
2018-05-01 03:00:00-07:00,66,1.5,0.6665750003606083
2018-05-01 03:00:00-07:00,67,1.60000002384186,4.3314000697433865
2018-05-01 04:00:00-07:00,61,1.29999995231628,0.41690000027417895
2018-05-01 04:00:00-07:00,62,5.59999990463257,0.5121000018715853
2018-05-01 04:00:00-07:00,63,2.09999996423721,0.6719500014185877
2018-05-01 04:00:00-07:00,64,1.10000002384186,0.8621999996900542
2018-05-01 04:00:00-07:00,65,,1.8577999960631122
2018-05-01 04:00:00-07:00,66,1.5,0.48970000132918257
2018-05-01 04:00:00-07:00,67,1.60000002384186,8.434999840334049
2018-05-01 05:00:00-07:00,61,2.70000004768372,1.0893500019758964
2018-05-01 05:00:00-07:00,62,4.59999990463257,1.1611500029514237
2018-05-01 05:00:00-07:00,63,2.0,0.5037999943917009
2018-05-01 05:00:00-07:00,64,2.09999990463257,3.3927000004053163
2018-05-01 05:00:00-07:00,65,,0.5691499983643484
2018-05-01 05:00:00-07:00,66,1.70000004768372,0.3938000000889077
2018-05-01 05:00:00-07:00,67,1.79999995231628,2.933250062726438
2018-05-01 06:00:00-07:00,61,2.29999995231628,1.2212500067800276
2018-05-01 06:00:00-07:00,62,,1.2929500001668912
2018-05-01 06:00:00-07:00,63,2.05000001192093,0.706650003790851
2018-05-01 06:00:00-07:00,64,2.70000004768372,1.6097500188648681
2018-05-01 06:00:00-07:00,65,,0.5601500058919195
2018-05-01 06:00:00-07:00,66,,0.7742000047117461
2018-05-01 06:00:00-07:00,67,1.60000002384186,6.320150022655731
2018-05-01 07:00:00-07:00,61,2.30000007152557,1.0329000052809718
2018-05-01 07:00:00-07:00,62,3.06666668256124,1.179899996742607
2018-05-01 07:00:00-07:00,63,2.23333330949148,0.8593999934941539
2018-05-01 07:00:00-07:00,64,2.29999995231628,1.7771999917924433
2018-05-01 07:00:00-07:00,65,,0.7528999953716995
2018-05-01 07:00:00-07:00,66,1.94999998807907,1.1249999918043625
2018-05-01 07:00:00-07:00,67,1.79999995231628,7.383199830502262
2018-05-01 08:00:00-07:00,61,1.70000004768372,0.7874499963596473
2018-05-01 08:00:00-07:00,62,3.29999995231628,1.1837500020489111
2018-05-01 08:00:00-07:00,63,2.19999992847443,1.1471000114828365
2018-05-01 08:00:00-07:00,64,1.60000002384186,2.3724499488249435
2018-05-01 08:00:00-07:00,65,,1.136850011721254
2018-05-01 08:00:00-07:00,66,1.39999997615814,0.8640500066429389
2018-05-01 08:00:00-07:00,67,1.89999997615814,4.204399958401909
2018-05-01 09:00:00-07:00,61,1.29999995231628,1.106550009399653
2018-05-01 09:00:00-07:00,62,3.59999990463257,0.988575004562736
2018-05-01 09:00:00-07:00,63,2.25,0.981666684911279
2018-05-01 09:00:00-07:00,64,1.10000002384186,3.5342499040812236
2018-05-01 09:00:00-07:00,65,,0.6438500090315946
2018-05-01 09:00:00-07:00,66,3.59999990463257,0.4387749975733466
2018-05-01 09:00:00-07:00,67,1.39999997615814,4.516649970561271
2018-05-01 10:00:00-07:00,61,1.70000004768372,1.0969000057627771
2018-05-01 10:00:00-07:00,62,4.5,1.5136499911546715
2018-05-01 10:00:00-07:00,63,2.34999990463257,1.1373375114053497
2018-05-01 10:00:00-07:00,64,0.899999976158142,1.711950017139316
2018-05-01 10:00:00-07:00,65,,0.8567500203599532
2018-05-01 10:00:00-07:00,66,1.89999997615814,0.8228374975919723
2018-05-01 10:00:00-07:00,67,1.79999995231628,3.908600100502379
2018-05-01 11:00:00-07:00,61,1.79999995231628,0.6814999936521051
2018-05-01 11:00:00-07:00,62,5.90000009536743,1.2304499858617777
2018-05-01 11:00:00-07:00,63,2.15000003576279,0.6126999930664891
2018-05-01 11:00:00-07:00,64,1.5,2.8824999202787875
2018-05-01 11:00:00-07:00,65,,0.49459998987614995
2018-05-01 11:00:00-07:00,66,2.79999995231628,0.688299990706144
2018-05-01 11:00:00-07:00,67,1.5,3.812800032719964
2018-05-01 12:00:00-07:00,61,1.89999997615814,1.422799986228346
2018-05-01 12:00:00-07:00,62,11.3000001907349,3.415083322450519
2018-05-01 12:00:00-07:00,63,2.60000002384186,2.6838000064343213
2018-05-01 12:00:00-07:00,64,2.70000004768372,4.896499983519315
2018-05-01 12:00:00-07:00,65,,0.5142999980598693
2018-05-01 12:00:00-07:00,66,2.20000004768372,1.2752499916404503
2018-05-01 12:00:00-07:00,67,1.70000004768372,4.386849987506859
2018-05-01 13:00:00-07:00,61,2.79999995231628,0.5751999989151946
2018-05-01 13:00:00-07:00,62,6.5,1.2043000235408532
2018-05-01 13:00:00-07:00,63,3.5,0.8438500040024506
2018-05-01 13:00:00-07:00,64,3.09999990463257,3.0280999831855304
2018-05-01 13:00:00-07:00,65,,0.9144499916583286
2018-05-01 13:00:00-07:00,66,2.79999995231628,0.6835499990731457
2018-05-01 13:00:00-07:00,67,2.90000009536743,5.965700010657322
2018-05-01 14:00:00-07:00,61,5.40000009536743,2.302399985566735
2018-05-01 14:00:00-07:00,62,,4.7016000118851675
2018-05-01 14:00:00-07:00,63,3.45000004768372,1.6864500117301957
2018-05-01 14:00:00-07:00,64,3.79999995231628,2.5411500361561785
2018-05-01 14:00:00-07:00,65,,0.9962000073492558
2018-05-01 14:00:00-07:00,66,3.59999990463257,1.3087000118196022
2018-05-01 14:00:00-07:00,67,2.40000009536743,2.155500018000607
2018-05-01 15:00:00-07:00,61,,4.240849990993737
2018-05-01 15:00:00-07:00,62,4.90000009536743,3.8138000103831304
2018-05-01 15:00:00-07:00,63,3.29999995231628,2.026099990010261
2018-05-01 15:00:00-07:00,64,2.70000004768372,2.657600003778934
2018-05-01 15:00:00-07:00,65,,2.7302999977767457
2018-05-01 15:00:00-07:00,66,2.90000009536743,2.239649994522333
2018-05-01 15:00:00-07:00,67,,5.42610001191496
2018-05-01 16:00:00-07:00,61,4.19999980926514,3.082549962736666
2018-05-01 16:00:00-07:00,62,3.29999995231628,3.037599971890451
2018-05-01 16:00:00-07:00,63,2.84999996423721,2.040299995169044
2018-05-01 16:00:00-07:00,64,2.20000004768372,3.1115999507904064
2018-05-01 16:00:00-07:00,65,,2.8121000127494344
2018-05-01 16:00:00-07:00,66,2.90000009536743,1.9646499701961873
2018-05-01 16:00:00-07:00,67,3.70000004768372,2.8643500888720146
2018-05-01 17:00:00-07:00,61,2.09999990463257,2.7325499589368696
2018-05-01 17:00:00-07:00,62,2.5,2.721899995859713
2018-05-01 17:00:00-07:00,63,2.80000001192093,3.060199985802174
2018-05-01 17:00:00-07:00,64,2.5,2.566349996775389
2018-05-01 17:00:00-07:00,65,,2.2985999830625947
2018-05-01 17:00:00-07:00,66,2.5,2.699549971595406
2018-05-01 17:00:00-07:00,67,3.40000009536743,4.242800102289781
2018-05-01 18:00:00-07:00,61,2.29999995231628,2.1106499880552274
2018-05-01 18:00:00-07:00,62,1.89999997615814,2.0496999961137785
2018-05-01 18:00:00-07:00,63,2.30000001192093,2.171700028777122
2018-05-01 18:00:00-07:00,64,3.5,2.635400012731554
2018-05-01 18:00:00-07:00,65,,1.5261500138044353
2018-05-01 18:00:00-07:00,66,,1.9645500117540369
2018-05-01 18:00:00-07:00,67,2.90000009536743,8.008899756073951
2018-05-01 19:00:00-07:00,61,1.89999997615814,1.5074000074528164
2018-05-01 19:00:00-07:00,62,1.60000002384186,1.587550014853478
2018-05-01 19:00:00-07:00,63,2.10000002384186,2.436050016880035
2018-05-01 19:00:00-07:00,64,3.59999990463257,2.07984999835491
2018-05-01 19:00:00-07:00,65,,1.803649999517947
2018-05-01 19:00:00-07:00,66,1.20000004768372,1.080750009715556
2018-05-01 19:00:00-07:00,67,1.29999995231628,3.373549981731927
2018-05-01 20:00:00-07:00,61,1.70000004768372,1.0864500148594374
2018-05-01 20:00:00-07:00,62,1.79999995231628,1.4949500128813096
2018-05-01 20:00:00-07:00,63,2.40000009536743,1.9403999955207107
2018-05-01 20:00:00-07:00,64,3.29999995231628,2.5406500314176084
2018-05-01 20:00:00-07:00,65,,1.5782500151917338
2018-05-01 20:00:00-07:00,66,3.20000004768372,1.0100000016577542
2018-05-01 20:00:00-07:00,67,1.29999995231628,6.541600091010329
2018-05-01 21:00:00-07:00,61,1.5,0.9095500057935704
2018-05-01 21:00:00-07:00,62,1.29999995231628,1.2967000040411913
2018-05-01 21:00:00-07:00,63,1.95000004768372,1.7081000170111647
2018-05-01 21:00:00-07:00,64,4.40000009536743,1.9107000184059117
2018-05-01 21:00:00-07:00,65,,2.0280000281333908
2018-05-01 21:00:00-07:00,66,2.70000004768372,2.166900010108947
2018-05-01 21:00:00-07:00,67,4.40000009536743,4.05585001051426
2018-05-01 22:00:00-07:00,61,1.5,0.561399997472765
2018-05-01 22:00:00-07:00,62,1.10000002384186,0.7423999989032763
2018-05-01 22:00:00-07:00,63,1.70000004768372,1.473199993371963
2018-05-01 22:00:00-07:00,64,3.59999990463257,1.43879999577999
2018-05-01 22:00:00-07:00,65,,1.3818999935686596
2018-05-01 22:00:00-07:00,66,1.89999997615814,1.5728499995172034
2018-05-01 22:00:00-07:00,67,3.20000004768372,4.790800030678502
2018-05-01 23:00:00-07:00,61,1.5,0.5175500038266168
2018-05-01 23:00:00-07:00,62,1.10000002384186,0.6455000069737422
2018-05-01 23:00:00-07:00,63,1.70000004768372,1.2536500057578053
2018-05-01 23:00:00-07:00,64,2.70000004768372,0.9087500113248801
2018-05-01 23:00:00-07:00,65,,1.2763500139117223
2018-05-01 23:00:00-07:00,66,1.79999995231628,0.852900009751318
2018-05-01 23:00:00-07:00,67,2.40000009536743,5.507949982583514
2018-05-02 00:00:00-07:00,61,1.39999997615814,0.2658999975770695
2018-05-02 00:00:00-07:00,62,1.10000002384186,1.0351999994367378
2018-05-02 00:00:00-07:00,63,1.89999997615814,1.420050000175835
2018-05-02 00:00:00-07:00,64,1.60000002384186,1.2694999888539327
2018-05-02 00:00:00-07:00,65,,0.8460499832034105
2018-05-02 00:00:00-07:00,66,2.20000004768372,1.0714499875158081
2018-05-02 00:00:00-07:00,67,2.59999990463257,3.9952000416070224
2018-05-02 01:00:00-07:00,61,1.70000004768372,9.843400112763053
2018-05-02 01:00:00-07:00,62,,0.34215000152587827
2018-05-02 01:00:00-07:00,63,1.94999992847443,1.2535500033199818
2018-05-02 01:00:00-07:00,64,0.699999988079071,0.4084000018984062
2018-05-02 01:00:00-07:00,65,,1.930600014850499
2018-05-02 01:00:00-07:00,66,2.29999995231628,0.9689500019699344
2018-05-02 01:00:00-07:00,67,2.90000009536743,8.62489992015064
2018-05-02 02:00:00-07:00,61,1.70000004768372,3.9692999476939415
2018-05-02 02:00:00-07:00,62,,0.48483333237469006
2018-05-02 02:00:00-07:00,63,2.10000002384186,0.8150499977916446
2018-05-02 02:00:00-07:00,64,1.10000002384186,0.6914500048756573
2018-05-02 02:00:00-07:00,65,,1.165799999982116
2018-05-02 02:00:00-07:00,66,2.40000009536743,0.9175999949127438
2018-05-02 02:00:00-07:00,67,2.5,5.997099877595902
2018-05-02 03:00:00-07:00,61,,0.40844999287277517
2018-05-02 03:00:00-07:00,62,1.29999995231628,0.763500002510848
2018-05-02 03:00:00-07:00,63,2.39999997615814,0.9829499921947704
2018-05-02 03:00:00-07:00,64,1.89999997615814,0.9848999977111812
2018-05-02 03:00:00-07:00,65,,1.1122999914735558
2018-05-02 03:00:00-07:00,66,2.79999995231628,0.8818499941378835
2018-05-02 03:00:00-07:00,67,2.20000004768372,5.9029998248815465
2018-05-02 04:00:00-07:00,61,1.60000002384186,0.45790000297128985
2018-05-02 04:00:00-07:00,62,2.09999990463257,0.7519500031322228
2018-05-02 04:00:00-07:00,63,2.34999990463257,1.2096500001102672
2018-05-02 04:00:00-07:00,64,1.89999997615814,1.2349000011384494
2018-05-02 04:00:00-07:00,65,,1.2869500177353626
2018-05-02 04:00:00-07:00,66,2.90000009536743,1.5760000294446932
2018-05-02 04:00:00-07:00,67,2.09999990463257,2.9633000665157976
2018-05-02 05:00:00-07:00,61,1.60000002384186,0.4479000003635889
2018-05-02 05:00:00-07:00,62,1.70000004768372,0.8435499988496304
2018-05-02 05:00:00-07:00,63,2.54999995231628,1.0510499952733525
2018-05-02 05:00:00-07:00,64,1.5,1.1789499947428679
2018-05-02 05:00:00-07:00,65,,1.140299993157388
2018-05-02 05:00:00-07:00,66,2.29999995231628,1.249749999642372
2018-05-02 05:00:00-07:00,67,1.89999997615814,4.202800099551689
2018-05-02 06:00:00-07:00,61,1.70000004768372,0.7211499842256286
2018-05-02 06:00:00-07:00,62,3.09999990463257,1.0268999852488427
2018-05-02 06:00:00-07:00,63,2.44999992847443,0.6538999950637394
2018-05-02 06:00:00-07:00,64,1.70000004768372,1.6173999645312616
2018-05-02 06:00:00-07:00,65,,0.9273999778926356
2018-05-02 06:00:00-07:00,66,,0.7248499928414796
2018-05-02 06:00:00-07:00,67,2.29999995231628,4.095749939754594
2018-05-02 07:00:00-07:00,61,3.14999997615814,0.6039999917149541
2018-05-02 07:00:00-07:00,62,2.80000007152557,1.1891499972343444
2018-05-02 07:00:00-07:00,63,3.26666673024495,0.8442499956488629
2018-05-02 07:00:00-07:00,64,1.70000004768372,1.0098999918997285
2018-05-02 07:00:00-07:00,65,,0.9025999885797504
2018-05-02 07:00:00-07:00,66,2.26666669050852,1.1559499938786026
2018-05-02 07:00:00-07:00,67,2.55000007152557,2.9736500470340252
2018-05-02 08:00:00-07:00,61,3.79999995231628,0.5694999936223022
2018-05-02 08:00:00-07:00,62,3.70000004768372,0.9925999788939985
2018-05-02 08:00:00-07:00,63,3.75,0.8970999896526357
2018-05-02 08:00:00-07:00,64,1.29999995231628,1.76379995122552
2018-05-02 08:00:00-07:00,65,,1.107399973869323
2018-05-02 08:00:00-07:00,66,1.60000002384186,0.7586999896168716
2018-05-02 08:00:00-07:00,67,1.70000004768372,5.374449844807387
2018-05-02 09:00:00-07:00,61,4.40000009536743,1.2277999968826756
2018-05-02 09:00:00-07:00,62,3.29999995231628,1.7623500052094467
2018-05-02 09:00:00-07:00,63,3.29999995231628,0.852749991416931
2018-05-02 09:00:00-07:00,64,1.60000002384186,1.2606999929249278
2018-05-02 09:00:00-07:00,65,,0.6627499960362901
2018-05-02 09:00:00-07:00,66,1.60000002384186,0.8553000009059888
2018-05-02 09:00:00-07:00,67,1.70000004768372,4.652549920529121
2018-05-02 10:00:00-07:00,61,4.80000019073486,1.6617999830842018
2018-05-02 10:00:00-07:00,62,3.70000004768372,2.1456000143289575
2018-05-02 10:00:00-07:00,63,4.54999995231628,1.3665000081062306
2018-05-02 10:00:00-07:00,64,1.70000004768372,3.023200027346613
2018-05-02 10:00:00-07:00,65,,1.614699998497963
2018-05-02 10:00:00-07:00,66,1.89999997615814,0.8062000031769294
2018-05-02 10:00:00-07:00,67,1.60000002384186,4.4697000342607645
2018-05-02 11:00:00-07:00,61,5.30000019073486,1.5793499884009345
2018-05-02 11:00:00-07:00,62,4.19999980926514,1.661699969768523
2018-05-02 11:00:00-07:00,63,5.80000019073486,1.4153499925136572
2018-05-02 11:00:00-07:00,64,1.79999995231628,2.28729997217655
2018-05-02 11:00:00-07:00,65,,1.3534999883174903
2018-05-02 11:00:00-07:00,66,1.70000004768372,0.7389499902725238
2018-05-02 11:00:00-07:00,67,,8.283500092625623
2018-05-02 12:00:00-07:00,61,5.90000009536743,4.438350037485362
2018-05-02 12:00:00-07:00,62,5.90000009536743,3.780250041484833
2018-05-02 12:00:00-07:00,63,4.90000009536743,2.758250039815903
2018-05-02 12:00:00-07:00,64,2.29999995231628,3.8794500006735335
2018-05-02 12:00:00-07:00,65,,2.292400021404029
2018-05-02 12:00:00-07:00,66,1.89999997615814,1.9485999886691565
2018-05-02 12:00:00-07:00,67,3.29999995231628,6.573000196069483
2018-05-02 13:00:00-07:00,61,,5.524500049352645
2018-05-02 13:00:00-07:00,62,4.5,3.964799988269806
2018-05-02 13:00:00-07:00,63,7.19999980926514,4.292849994897841
2018-05-02 13:00:00-07:00,64,3.09999990463257,4.647499997615814
2018-05-02 13:00:00-07:00,65,,3.3001500236988055
2018-05-02 13:00:00-07:00,66,2.09999990463257,2.359900000095366
2018-05-02 13:00:00-07:00,67,3.70000004768372,6.490500032901766
2018-05-02 14:00:00-07:00,61,6.5,4.815299986600877
2018-05-02 14:00:00-07:00,62,6.40000009536743,5.055500012636184
2018-05-02 14:00:00-07:00,63,6.0,4.253299993276597
2018-05-02 14:00:00-07:00,64,5.09999990463257,5.942049944400784
2018-05-02 14:00:00-07:00,65,,3.6664500129222874
2018-05-02 14:00:00-07:00,66,2.20000004768372,3.281950007677077
2018-05-02 14:00:00-07:00,67,3.29999995231628,3.330749953985211
2018-05-02 15:00:00-07:00,61,5.19999980926514,5.290749951004983
2018-05-02 15:00:00-07:00,62,5.19999980926514,5.8486500060558315
2018-05-02 15:00:00-07:00,63,4.30000019073486,3.774849998950959
2018-05-02 15:00:00-07:00,64,,3.9969500112533565
2018-05-02 15:00:00-07:00,65,,2.6604499930143364
2018-05-02 15:00:00-07:00,66,2.40000009536743,3.7970000171661376
2018-05-02 15:00:00-07:00,67,3.20000004768372,4.475400104522711
2018-05-02 16:00:00-07:00,61,3.59999990463257,4.234849973320961
2018-05-02 16:00:00-07:00,62,,5.1317000222206115
2018-05-02 16:00:00-07:00,63,4.65000009536743,4.642000076770782
2018-05-02 16:00:00-07:00,64,3.70000004768372,5.269000015854834
2018-05-02 16:00:00-07:00,65,,3.2126000100374226
2018-05-02 16:00:00-07:00,66,,4.227050002813339
2018-05-02 16:00:00-07:00,67,2.70000004768372,6.13115003407002
2018-05-02 17:00:00-07:00,61,2.40000009536743,1.9035000097751595
2018-05-02 17:00:00-07:00,62,2.5,2.0392500102519975
2018-05-02 17:00:00-07:00,63,2.95000004768372,4.31770002245903
2018-05-02 17:00:00-07:00,64,3.5,3.442200008034703
2018-05-02 17:00:00-07:00,65,,3.887600011229514
2018-05-02 17:00:00-07:00,66,5.19999980926514,2.774750013947485
2018-05-02 17:00:00-07:00,67,2.79999995231628,7.947399919033043
2018-05-02 18:00:00-07:00,61,,3.2417499434947965
2018-05-02 18:00:00-07:00,62,3.40000009536743,2.7895499691367154
2018-05-02 18:00:00-07:00,63,3.35000002384186,3.9599999839067443
2018-05-02 18:00:00-07:00,64,5.09999990463257,4.0171499627828595
2018-05-02 18:00:00-07:00,65,,3.1691499638557428
2018-05-02 18:00:00-07:00,66,2.5,1.7771999827027332
2018-05-02 18:00:00-07:00,67,3.90000009536743,5.6509001305699345
2018-05-02 19:00:00-07:00,61,3.40000009536743,3.4030999457836137
2018-05-02 19:00:00-07:00,62,4.19999980926514,2.961599981784821
2018-05-02 19:00:00-07:00,63,3.79999995231628,3.128199986219406
2018-05-02 19:00:00-07:00,64,3.59999990463257,2.991649980545043
2018-05-02 19:00:00-07:00,65,,3.315499984025955
2018-05-02 19:00:00-07:00,66,2.90000009536743,3.6502499723434436
2018-05-02 19:00:00-07:00,67,4.40000009536743,7.8105999040603615
2018-05-02 20:00:00-07:00,61,4.5,3.8911999952793104
2018-05-02 20:00:00-07:00,62,3.59999990463257,3.160849996805191
2018-05-02 20:00:00-07:00,63,3.59999990463257,3.569099972248077
2018-05-02 20:00:00-07:00,64,,4.219699984788894
2018-05-02 20:00:00-07:00,65,,4.4907999980449675
2018-05-02 20:00:00-07:00,66,,4.052550015449523
2018-05-02 20:00:00-07:00,67,5.90000009536743,8.392299919128419
2018-05-02 21:00:00-07:00,61,,4.572400033473969
2018-05-02 21:00:00-07:00,62,,5.005000004768372
2018-05-02 21:00:00-07:00,63,3.70000004768372,3.903600000143051
2018-05-02 21:00:00-07:00,64,4.19999980926514,3.9299999928474407
2018-05-02 21:00:00-07:00,65,,3.6848999965190887
2018-05-02 21:00:00-07:00,66,,4.404200031757356
2018-05-02 21:00:00-07:00,67,5.80000019073486,8.733200216293328
2018-05-02 22:00:00-07:00,61,2.40000009536743,1.7690500164031993
2018-05-02 22:00:00-07:00,62,3.70000004768372,2.7538499939441676
2018-05-02 22:00:00-07:00,63,4.70000004768372,3.682449969053269
2018-05-02 22:00:00-07:00,64,2.59999990463257,3.2035499763488784
2018-05-02 22:00:00-07:00,65,,2.967399965524675
2018-05-02 22:00:00-07:00,66,,2.8339499866962434
2018-05-02 22:00:00-07:00,67,3.90000009536743,8.280699750185025
2018-05-02 23:00:00-07:00,61,2.70000004768372,2.8404000239074225
2018-05-02 23:00:00-07:00,62,6.19999980926514,5.0056000482291
2018-05-02 23:00:00-07:00,63,4.95000004768372,3.6975000345706936
2018-05-02 23:00:00-07:00,64,1.10000002384186,5.0385000449419035
2018-05-02 23:00:00-07:00,65,,2.209500000551344
2018-05-02 23:00:00-07:00,66,2.09999990463257,3.3703000174462807
2018-05-02 23:00:00-07:00,67,2.20000004768372,3.5063000841438776
2018-05-03 00:00:00-07:00,61,3.20000004768372,3.338199986219407
2018-05-03 00:00:00-07:00,62,5.90000009536743,3.3942999815940857
2018-05-03 00:00:00-07:00,63,6.14999985694885,3.349999998807907
2018-05-03 00:00:00-07:00,64,3.40000009536743,3.527499985992909
2018-05-03 00:00:00-07:00,65,,3.7060499851405626
2018-05-03 00:00:00-07:00,66,0.899999976158142,2.9272499839961528
2018-05-03 00:00:00-07:00,67,1.79999995231628,3.918449959903957
2018-05-03 01:00:00-07:00,61,2.20000004768372,4.102700017169119
2018-05-03 01:00:00-07:00,62,5.90000009536743,5.017499945126474
2018-05-03 01:00:00-07:00,63,5.84999990463257,3.9585000694170613
2018-05-03 01:00:00-07:00,64,3.79999995231628,4.174400018416347
2018-05-03 01:00:00-07:00,65,,5.596799974888563
2018-05-03 01:00:00-07:00,66,1.20000004768372,3.0202999971434483
2018-05-03 01:00:00-07:00,67,2.59999990463257,4.82169997662307
2018-05-03 02:00:00-07:00,61,4.09999990463257,2.6202999834716323
2018-05-03 02:00:00-07:00,62,6.09999990463257,3.6812999639660133
2018-05-03 02:00:00-07:00,63,5.0,2.48650000602007
2018-05-03 02:00:00-07:00,64,,3.9855999952554706
2018-05-03 02:00:00-07:00,65,,1.6827000087499628
2018-05-03 02:00:00-07:00,66,0.899999976158142,2.181799983903767
2018-05-03 02:00:00-07:00,67,2.5,4.370899972245103
2018-05-03 03:00:00-07:00,61,2.59999990463257,2.0922999680042276
2018-05-03 03:00:00-07:00,62,5.80000019073486,3.2052999567985516
2018-05-03 03:00:00-07:00,63,,2.5115999728441247
2018-05-03 03:00:00-07:00,64,4.09999990463257,4.142299930453301
2018-05-03 03:00:00-07:00,65,,1.953999974131584
2018-05-03 03:00:00-07:00,66,2.70000004768372,2.1684499794244756
2018-05-03 03:00:00-07:00,67,2.29999995231628,7.33355009913444
2018-05-03 04:00:00-07:00,61,4.09999990463257,2.279699956774711
2018-05-03 04:00:00-07:00,62,5.30000019073486,3.8115999874472615
2018-05-03 04:00:00-07:00,63,3.94999992847443,2.325199967324733
2018-05-03 04:00:00-07:00,64,4.30000019073486,4.414749974906444
2018-05-03 04:00:00-07:00,65,,2.144699970483779
2018-05-03 04:00:00-07:00,66,,2.289399982392788
2018-05-03 04:00:00-07:00,67,2.20000004768372,6.88889989674092
2018-05-03 05:00:00-07:00,61,5.80000019073486,7.383449896872049
2018-05-03 05:00:00-07:00,62,6.19999980926514,6.585649907588959
2018-05-03 05:00:00-07:00,63,5.89999985694885,5.09800005286932
2018-05-03 05:00:00-07:00,64,6.09999990463257,6.702149978280067
2018-05-03 05:00:00-07:00,65,,5.675049981176853
2018-05-03 05:00:00-07:00,66,3.90000009536743,4.496799930334092
2018-05-03 05:00:00-07:00,67,1.89999997615814,5.175000012218954
2018-05-03 06:00:00-07:00,61,2.70000004768372,5.4192000442743335
2018-05-03 06:00:00-07:00,62,6.40000009536743,6.737299984693529
2018-05-03 06:00:00-07:00,63,5.75,3.714899972677232
2018-05-03 06:00:00-07:00,64,6.19999980926514,5.391999986171725
2018-05-03 06:00:00-07:00,65,,2.785000015795232
2018-05-03 06:00:00-07:00,66,4.5,2.7077000117301955
2018-05-03 06:00:00-07:00,67,2.40000009536743,5.694399922490113
2018-05-03 07:00:00-07:00,61,2.35000002384186,2.104200014770032
2018-05-03 07:00:00-07:00,62,3.95000004768372,3.2289999586343776
2018-05-03 07:00:00-07:00,63,4.89999993642171,2.0168999814987183
2018-05-03 07:00:00-07:00,64,4.59999990463257,3.9352999243140245
2018-05-03 07:00:00-07:00,65,,2.319699999392032
2018-05-03 07:00:00-07:00,66,3.59999990463257,2.129100002944469
2018-05-03 07:00:00-07:00,67,2.85000002384186,6.90739975869657
2018-05-03 08:00:00-07:00,61,1.79999995231628,1.2170499953627565
2018-05-03 08:00:00-07:00,62,2.79999995231628,3.0072000280022606
2018-05-03 08:00:00-07:00,63,3.85000002384186,1.6744500064849832
2018-05-03 08:00:00-07:00,64,4.59999990463257,4.061450036168093
2018-05-03 08:00:00-07:00,65,,2.082300026118755
2018-05-03 08:00:00-07:00,66,3.40000009536743,2.4280500242114056
2018-05-03 08:00:00-07:00,67,2.20000004768372,4.5334001380205216
2018-05-03 09:00:00-07:00,61,2.90000009536743,2.7400499802827825
2018-05-03 09:00:00-07:00,62,5.09999990463257,5.4682000151276595
2018-05-03 09:00:00-07:00,63,4.65000009536743,1.784699975550173
2018-05-03 09:00:00-07:00,64,2.5,8.655200022161015
2018-05-03 09:00:00-07:00,65,,2.612149988412856
2018-05-03 09:00:00-07:00,66,4.30000019073486,1.7149999821186055
2018-05-03 09:00:00-07:00,67,2.90000009536743,4.321400069594375
2018-05-03 10:00:00-07:00,61,2.59999990463257,1.8096999886631968
2018-05-03 10:00:00-07:00,62,4.5,1.7610999971628198
2018-05-03 10:00:00-07:00,63,5.64999985694885,1.6522499823570256
2018-05-03 10:00:00-07:00,64,1.10000002384186,10.476950035095232
2018-05-03 10:00:00-07:00,65,,1.9718000000715266
2018-05-03 10:00:00-07:00,66,4.40000009536743,1.5001000005006786
2018-05-03 10:00:00-07:00,67,4.90000009536743,3.1821500220894814
2018-05-03 11:00:00-07:00,61,1.79999995231628,2.0508999973535547
2018-05-03 11:00:00-07:00,62,5.59999990463257,2.762449995279311
2018-05-03 11:00:00-07:00,63,5.54999995231628,2.137449972033501
2018-05-03 11:00:00-07:00,64,1.10000002384186,6.907550007700923
2018-05-03 11:00:00-07:00,65,,2.369199975132945
2018-05-03 11:00:00-07:00,66,2.59999990463257,1.8856499916315086
2018-05-03 11:00:00-07:00,67,4.30000019073486,8.699049786925318
2018-05-03 12:00:00-07:00,61,,2.4086499887704846
2018-05-03 12:00:00-07:00,62,7.59999990463257,2.9029999977350203
2018-05-03 12:00:00-07:00,63,4.5,2.272900000214575
2018-05-03 12:00:00-07:00,64,1.29999995231628,5.410599993467324
2018-05-03 12:00:00-07:00,65,,2.1385000222921375
2018-05-03 12:00:00-07:00,66,2.40000009536743,1.5189000082015978
2018-05-03 12:00:00-07:00,67,4.19999980926514,4.68179993748665
2018-05-03 13:00:00-07:00,61,2.59999990463257,2.7801500558853145
2018-05-03 13:00:00-07:00,62,6.69999980926514,3.8389000451564788
2018-05-03 13:00:00-07:00,63,5.05000019073486,2.7552500271797182
2018-05-03 13:00:00-07:00,64,2.79999995231628,5.753750118017191
2018-05-03 13:00:00-07:00,65,,2.1435500288009637
2018-05-03 13:00:00-07:00,66,3.70000004768372,1.9739000177383423
2018-05-03 13:00:00-07:00,67,4.80000019073486,6.058200139999391
2018-05-03 14:00:00-07:00,61,4.40000009536743,2.0732000076770802
2018-05-03 14:00:00-07:00,62,,3.9124500155448922
2018-05-03 14:00:00-07:00,63,6.30000019073486,2.6806000053882624
2018-05-03 14:00:00-07:00,64,5.30000019073486,3.591300020217896
2018-05-03 14:00:00-07:00,65,,2.991950020790102
2018-05-03 14:00:00-07:00,66,3.20000004768372,2.1468000078201306
2018-05-03 14:00:00-07:00,67,7.69999980926514,5.477950074672698
2018-05-03 15:00:00-07:00,61,9.5,7.698099957704549
2018-05-03 15:00:00-07:00,62,,10.77179986953735
2018-05-03 15:00:00-07:00,63,3.40000009536743,7.28700001001358
2018-05-03 15:00:00-07:00,64,4.80000019073486,7.4861999154090855
2018-05-03 15:00:00-07:00,65,,6.045400001406664
2018-05-03 15:00:00-07:00,66,4.19999980926514,7.250299967527386
2018-05-03 15:00:00-07:00,67,7.09999990463257,6.688600034117691
2018-05-03 16:00:00-07:00,61,11.6000003814697,16.171350401639916
2018-05-03 16:00:00-07:00,62,11.8999996185303,17.243500163555126
2018-05-03 16:00:00-07:00,63,7.89999985694885,10.752200074195857
2018-05-03 16:00:00-07:00,64,7.19999980926514,12.77350002765655
2018-05-03 16:00:00-07:00,65,,11.277650049924844
2018-05-03 16:00:00-07:00,66,6.5,9.544900059700012
2018-05-03 16:00:00-07:00,67,7.59999990463257,7.947149957418442
2018-05-03 17:00:00-07:00,61,10.3000001907349,12.099249999523174
2018-05-03 17:00:00-07:00,62,10.6999998092651,16.457950358390825
2018-05-03 17:00:00-07:00,63,4.30000019073486,10.46660010337828
2018-05-03 17:00:00-07:00,64,9.80000019073486,13.85855014801026
2018-05-03 17:00:00-07:00,65,,11.394050064086915
2018-05-03 17:00:00-07:00,66,,10.657099997997289
2018-05-03 17:00:00-07:00,67,9.69999980926514,9.284449858665472
2018-05-03 18:00:00-07:00,61,6.40000009536743,18.681899979114515
2018-05-03 18:00:00-07:00,62,5.69999980926514,12.887349915504448
2018-05-03 18:00:00-07:00,63,6.75,12.254349784851073
2018-05-03 18:00:00-07:00,64,12.8000001907349,13.691749835014331
2018-05-03 18:00:00-07:00,65,,10.682649872303003
2018-05-03 18:00:00-07:00,66,7.30000019073486,9.865049908161165
2018-05-03 18:00:00-07:00,67,6.5,10.704000154733658
2018-05-03 19:00:00-07:00,61,5.80000019073486,8.058699954748159
2018-05-03 19:00:00-07:00,62,4.90000009536743,9.225650014877328
2018-05-03 19:00:00-07:00,63,3.5,11.758900016546264
2018-05-03 19:00:00-07:00,64,3.79999995231628,9.690699996948247
2018-05-03 19:00:00-07:00,65,,10.943449918031696
2018-05-03 19:00:00-07:00,66,7.40000009536743,9.034899992942815
2018-05-03 19:00:00-07:00,67,4.19999980926514,10.635850116014463
2018-05-03 20:00:00-07:00,61,3.29999995231628,4.599249985218048
2018-05-03 20:00:00-07:00,62,3.09999990463257,5.806699981689457
2018-05-03 20:00:00-07:00,63,3.90000009536743,7.270700020790098
2018-05-03 20:00:00-07:00,64,,9.838899958133698
2018-05-03 20:00:00-07:00,65,,9.138399941921232
2018-05-03 20:00:00-07:00,66,6.69999980926514,5.119949984550477
2018-05-03 20:00:00-07:00,67,4.30000019073486,6.930900006294253
2018-05-03 21:00:00-07:00,61,2.79999995231628,2.2296500235795973
2018-05-03 21:00:00-07:00,62,3.40000009536743,4.0400999879837025
2018-05-03 21:00:00-07:00,63,2.60000002384186,4.147999992370604
2018-05-03 21:00:00-07:00,64,0.400000005960464,4.0322999650239915
2018-05-03 21:00:00-07:00,65,,5.236899994611743
2018-05-03 21:00:00-07:00,66,3.09999990463257,4.312399994730949
2018-05-03 21:00:00-07:00,67,5.19999980926514,5.418050076365463
2018-05-03 22:00:00-07:00,61,3.59999990463257,1.7114500236511205
2018-05-03 22:00:00-07:00,62,3.70000004768372,2.197750030755998
2018-05-03 22:00:00-07:00,63,3.09999990463257,2.4687000119686124
2018-05-03 22:00:00-07:00,64,,3.0917500174045554
2018-05-03 22:00:00-07:00,65,,2.867600013017654
2018-05-03 22:00:00-07:00,66,2.40000009536743,2.812500034570693
2018-05-03 22:00:00-07:00,67,2.70000004768372,5.5437000584602245
2018-05-03 23:00:00-07:00,61,4.5,2.6741500052809704
2018-05-03 23:00:00-07:00,62,3.90000009536743,1.9784000134468074
2018-05-03 23:00:00-07:00,63,3.0,2.4996499618887906
2018-05-03 23:00:00-07:00,64,0.300000011920929,2.241199979782102
2018-05-03 23:00:00-07:00,65,,3.1135999450087546
2018-05-03 23:00:00-07:00,66,2.09999990463257,2.2177999845147127
2018-05-03 23:00:00-07:00,67,2.20000004768372,5.838249876201145
2018-05-04 00:00:00-07:00,61,7.09999990463257,3.7841499626636517
2018-05-04 00:00:00-07:00,62,6.5,2.9606500023603446
2018-05-04 00:00:00-07:00,63,,2.2857499933242797
2018-05-04 00:00:00-07:00,64,2.40000009536743,2.3291000014543535
2018-05-04 00:00:00-07:00,65,,2.246199979782104
2018-05-04 00:00:00-07:00,66,2.29999995231628,1.8683499950170503
2018-05-04 00:00:00-07:00,67,2.5,4.357999966740618
2018-05-04 01:00:00-07:00,61,4.90000009536743,2.9359500408172607
2018-05-04 01:00:00-07:00,62,5.19999980926514,3.485050040483474
2018-05-04 01:00:00-07:00,63,4.95000004768372,2.696200018525124
2018-05-04 01:00:00-07:00,64,3.29999995231628,3.081750026941299
2018-05-04 01:00:00-07:00,65,,2.4290999966859816
2018-05-04 01:00:00-07:00,66,4.09999990463257,2.314300044775009
2018-05-04 01:00:00-07:00,67,2.20000004768372,5.43404997646808
2018-05-04 02:00:00-07:00,61,3.5,3.1479500102996827
2018-05-04 02:00:00-07:00,62,3.70000004768372,4.467499958276749
2018-05-04 02:00:00-07:00,63,4.64999985694885,3.03804997563362
2018-05-04 02:00:00-07:00,64,4.69999980926514,4.167199940681457
2018-05-04 02:00:00-07:00,65,,2.3563999974727636
2018-05-04 02:00:00-07:00,66,5.19999980926514,3.4126499736309053
2018-05-04 02:00:00-07:00,67,2.59999990463257,6.435949989557266
2018-05-04 03:00:00-07:00,61,3.79999995231628,2.937349973917007
2018-05-04 03:00:00-07:00,62,4.59999990463257,3.0209499979019165
2018-05-04 03:00:00-07:00,63,3.85000014305115,2.8832500052452095
2018-05-04 03:00:00-07:00,64,,3.13210000872612
2018-05-04 03:00:00-07:00,65,,3.309299989938736
2018-05-04 03:00:00-07:00,66,4.09999990463257,2.925849993228913
2018-05-04 03:00:00-07:00,67,,5.578500034809117
2018-05-04 04:00:00-07:00,61,2.59999990463257,3.430800014734269
2018-05-04 04:00:00-07:00,62,6.59999990463257,3.5366500163078314
2018-05-04 04:00:00-07:00,63,3.64999997615814,3.357200005054475
2018-05-04 04:00:00-07:00,64,,3.9645000123977665
2018-05-04 04:00:00-07:00,65,,3.462349994182587
2018-05-04 04:00:00-07:00,66,6.40000009536743,2.8839500093460093
2018-05-04 04:00:00-07:00,67,2.70000004768372,9.580599921941765
2018-05-04 05:00:00-07:00,61,2.90000009536743,3.0761999797821034
2018-05-04 05:00:00-07:00,62,4.09999990463257,3.15244996190071
2018-05-04 05:00:00-07:00,63,3.60000002384186,2.989249966740608
2018-05-04 05:00:00-07:00,64,4.30000019073486,3.495999966859818
2018-05-04 05:00:00-07:00,65,,3.3485999786853786
2018-05-04 05:00:00-07:00,66,4.40000009536743,2.4207000023126612
2018-05-04 05:00:00-07:00,67,1.89999997615814,4.963100065588956
2018-05-04 06:00:00-07:00,61,3.09999990463257,3.3180500274896603
2018-05-04 06:00:00-07:00,62,3.40000009536743,3.646850062608717
2018-05-04 06:00:00-07:00,63,3.90000009536743,3.5884000575542436
2018-05-04 06:00:00-07:00,64,3.20000004768372,4.059300032854079
2018-05-04 06:00:00-07:00,65,,3.3253000365098306
2018-05-04 06:00:00-07:00,66,4.69999980926514,2.9728000490268074
2018-05-04 06:00:00-07:00,67,2.09999990463257,5.552500076293937
2018-05-04 07:00:00-07:00,61,3.74999988079071,3.4442500150203714
2018-05-04 07:00:00-07:00,62,5.00000007947286,3.698649990558626
2018-05-04 07:00:00-07:00,63,3.96666661898295,3.495050065517424
2018-05-04 07:00:00-07:00,64,3.5,4.364150005578995
2018-05-04 07:00:00-07:00,65,,3.259000053405761
2018-05-04 07:00:00-07:00,66,4.34999990463257,2.5228000283241268
2018-05-04 07:00:00-07:00,67,3.19999992847443,6.082699928283692
2018-05-04 08:00:00-07:00,61,3.20000004768372,3.1635999965667736
2018-05-04 08:00:00-07:00,62,3.09999990463257,3.4540499591827407
2018-05-04 08:00:00-07:00,63,3.40000009536743,2.950749964714051
2018-05-04 08:00:00-07:00,64,3.20000004768372,3.3309499609470374
2018-05-04 08:00:00-07:00,65,,2.7553499782085416
2018-05-04 08:00:00-07:00,66,3.59999990463257,2.7674999833106995
2018-05-04 08:00:00-07:00,67,2.90000009536743,5.600800052881233
2018-05-04 09:00:00-07:00,61,4.40000009536743,3.198650074005127
2018-05-04 09:00:00-07:00,62,3.29999995231628,3.577300034761428
2018-05-04 09:00:00-07:00,63,4.0,3.1844000172615052
2018-05-04 09:00:00-07:00,64,3.20000004768372,3.9414000296592717
2018-05-04 09:00:00-07:00,65,,2.8651999938488
2018-05-04 09:00:00-07:00,66,4.80000019073486,2.9849500358104706
2018-05-04 09:00:00-07:00,67,3.20000004768372,2.8660000228881835
2018-05-04 10:00:00-07:00,61,4.40000009536743,3.1893000102043154
2018-05-04 10:00:00-07:00,62,4.09999990463257,3.4489000201225277
2018-05-04 10:00:00-07:00,63,4.30000019073486,2.9463000118732467
2018-05-04 10:00:00-07:00,64,3.40000009536743,3.849300044775008
2018-05-04 10:00:00-07:00,65,,2.6544999957084654
2018-05-04 10:00:00-07:00,66,5.09999990463257,2.8566000032424923
2018-05-04 10:00:00-07:00,67,3.5,4.2420000338554384
2018-05-04 11:00:00-07:00,61,4.69999980926514,3.174900040626527
2018-05-04 11:00:00-07:00,62,4.90000009536743,3.4049500346183774
2018-05-04 11:00:00-07:00,63,4.79999995231628,3.146250025033951
2018-05-04 11:00:00-07:00,64,,4.234300068616867
2018-05-04 11:00:00-07:00,65,,3.2604500532150267
2018-05-04 11:00:00-07:00,66,4.69999980926514,2.916550034284591
2018-05-04 11:00:00-07:00,67,3.5,5.3094499087333595
2018-05-04 12:00:00-07:00,61,4.40000009536743,3.5379000270366676
2018-05-04 12:00:00-07:00,62,4.5,4.252399996519089
2018-05-04 12:00:00-07:00,63,5.69999980926514,3.384500036239624
2018-05-04 12:00:00-07:00,64,3.40000009536743,5.322000001668932
2018-05-04 12:00:00-07:00,65,,2.925799963474274
2018-05-04 12:00:00-07:00,66,4.90000009536743,3.4398000109195714
2018-05-04 12:00:00-07:00,67,4.30000019073486,6.868099935054777
2018-05-04 13:00:00-07:00,61,4.90000009536743,4.0011999464035055
2018-05-04 13:00:00-07:00,62,,4.756599994897842
2018-05-04 13:00:00-07:00,63,5.84999990463257,3.6945999705791475
2018-05-04 13:00:00-07:00,64,3.79999995231628,5.513799966573713
2018-05-04 13:00:00-07:00,65,,3.462999975681307
2018-05-04 13:00:00-07:00,66,4.5,3.2385999655723587
2018-05-04 13:00:00-07:00,67,4.5,5.659299936294547
2018-05-04 14:00:00-07:00,61,8.19999980926514,3.8053499400615705
2018-05-04 14:00:00-07:00,62,8.30000019073486,4.52974989295006
2018-05-04 14:00:00-07:00,63,5.20000004768372,3.5673999750614165
2018-05-04 14:00:00-07:00,64,,4.252349934577943
2018-05-04 14:00:00-07:00,65,,3.537899972200393
2018-05-04 14:00:00-07:00,66,4.09999990463257,2.9452999746799478
2018-05-04 14:00:00-07:00,67,5.40000009536743,3.0702499747276324
2018-05-04 15:00:00-07:00,61,8.69999980926514,4.906400018334386
2018-05-04 15:00:00-07:00,62,7.19999980926514,5.010699993371962
2018-05-04 15:00:00-07:00,63,4.85000014305115,3.9996000218391394
2018-05-04 15:00:00-07:00,64,3.5,4.654500037431717
2018-05-04 15:00:00-07:00,65,,4.105900021195411
2018-05-04 15:00:00-07:00,66,4.40000009536743,4.428600012063979
2018-05-04 15:00:00-07:00,67,4.80000019073486,3.7782000446319586
2018-05-04 16:00:00-07:00,61,8.30000019073486,4.15135003209114
2018-05-04 16:00:00-07:00,62,6.59999990463257,5.645849983692164
2018-05-04 16:00:00-07:00,63,,5.071800012588499
2018-05-04 16:00:00-07:00,64,2.59999990463257,5.017950007915497
2018-05-04 16:00:00-07:00,65,,4.8159000003337855
2018-05-04 16:00:00-07:00,66,5.40000009536743,4.65920000076294
2018-05-04 16:00:00-07:00,67,6.90000009536743,4.509050049781804
2018-05-04 17:00:00-07:00,61,7.90000009536743,3.2458000171184547
2018-05-04 17:00:00-07:00,62,4.80000019073486,3.925149984359742
2018-05-04 17:00:00-07:00,63,4.15000009536743,3.6036499810218796
2018-05-04 17:00:00-07:00,64,,4.3504499387741085
2018-05-04 17:00:00-07:00,65,,3.1747499901056284
2018-05-04 17:00:00-07:00,66,5.90000009536743,4.369749951958656
2018-05-04 17:00:00-07:00,67,7.40000009536743,6.185799871087067
2018-05-04 18:00:00-07:00,61,4.40000009536743,3.0437999922037133
2018-05-04 18:00:00-07:00,62,4.30000019073486,3.227400023937225
2018-05-04 18:00:00-07:00,63,3.64999985694885,3.4679999929666523
2018-05-04 18:00:00-07:00,64,3.59999990463257,3.4251000070571904
2018-05-04 18:00:00-07:00,65,,3.365700012445451
2018-05-04 18:00:00-07:00,66,3.70000004768372,3.5118000113964087
2018-05-04 18:00:00-07:00,67,,6.234100114703173
2018-05-04 19:00:00-07:00,61,3.90000009536743,3.1946999990940106
2018-05-04 19:00:00-07:00,62,4.5,3.3866500186920176
2018-05-04 19:00:00-07:00,63,3.69999992847443,3.6793499970436088
2018-05-04 19:00:00-07:00,64,3.70000004768372,3.210950006246567
2018-05-04 19:00:00-07:00,65,,3.032449975013732
2018-05-04 19:00:00-07:00,66,,3.0011499845981593
2018-05-04 19:00:00-07:00,67,5.09999990463257,5.165499968528744
2018-05-04 20:00:00-07:00,61,3.70000004768372,8.442250120639798
2018-05-04 20:00:00-07:00,62,3.90000009536743,3.201850007772445
2018-05-04 20:00:00-07:00,63,3.60000002384186,2.753700006008148
2018-05-04 20:00:00-07:00,64,4.59999990463257,3.3456000125408165
2018-05-04 20:00:00-07:00,65,,2.297049988508225
2018-05-04 20:00:00-07:00,66,4.30000019073486,2.8885500013828276
2018-05-04 20:00:00-07:00,67,3.59999990463257,5.825999994277939
2018-05-04 21:00:00-07:00,61,3.09999990463257,2.7708500456809997
2018-05-04 21:00:00-07:00,62,3.09999990463257,2.9060500109195706
2018-05-04 21:00:00-07:00,63,3.25,3.266900019645691
2018-05-04 21:00:00-07:00,64,6.09999990463257,3.4751500153541555
2018-05-04 21:00:00-07:00,65,,2.4061500275135046
2018-05-04 21:00:00-07:00,66,4.30000019073486,2.682200008630753
2018-05-04 21:00:00-07:00,67,3.09999990463257,5.252849870920179
2018-05-04 22:00:00-07:00,61,2.70000004768372,1.6275499832630167
2018-05-04 22:00:00-07:00,62,2.70000004768372,1.9957999956607815
2018-05-04 22:00:00-07:00,63,2.90000009536743,2.2880499958992013
2018-05-04 22:00:00-07:00,64,7.30000019073486,2.202749986648559
2018-05-04 22:00:00-07:00,65,,2.218199986219406
2018-05-04 22:00:00-07:00,66,4.59999990463257,1.7896499878168113
2018-05-04 22:00:00-07:00,67,2.79999995231628,5.422349989414213
2018-05-04 23:00:00-07:00,61,2.40000009536743,1.2530000066757196
2018-05-04 23:00:00-07:00,62,2.79999995231628,2.123050014972688
2018-05-04 23:00:00-07:00,63,2.85000002384186,2.7976999890804266
2018-05-04 23:00:00-07:00,64,8.69999980926514,2.453749998807907
2018-05-04 23:00:00-07:00,65,,1.8194500076770774
2018-05-04 23:00:00-07:00,66,4.19999980926514,2.0587999916076667
