timestamp,location,ground_truth,prediction_value
2017-11-01 01:00:00-07:00,61,7.19999980926514,3.6949500131606996
2017-11-01 01:00:00-07:00,62,3.79999995231628,7.301950027942661
2017-11-01 01:00:00-07:00,63,6.0,3.745949962139127
2017-11-01 01:00:00-07:00,64,9.39999961853027,7.4598999762535145
2017-11-01 01:00:00-07:00,66,,4.781049976348877
2017-11-01 01:00:00-07:00,67,,9.96605006694794
2017-11-01 01:00:00-07:00,68,,5.944950020313259
2017-11-01 01:00:00-07:00,69,8.39999961853027,7.5226000142097496
2017-11-01 02:00:00-07:00,61,5.30000019073486,5.674899930953986
2017-11-01 02:00:00-07:00,62,12.8000001907349,16.64700016021729
2017-11-01 02:00:00-07:00,63,8.40000009536743,8.35009995937347
2017-11-01 02:00:00-07:00,64,16.7000007629395,17.683200068473823
2017-11-01 02:00:00-07:00,66,,11.927500004768374
2017-11-01 02:00:00-07:00,67,,9.85279991149903
2017-11-01 02:00:00-07:00,68,,11.31039987564088
2017-11-01 02:00:00-07:00,69,8.89999961853027,16.898200020790107
2017-11-01 03:00:00-07:00,61,5.69999980926514,9.447500019073495
2017-11-01 03:00:00-07:00,62,9.39999961853027,14.002200021743779
2017-11-01 03:00:00-07:00,63,9.59999990463257,10.015999927520765
2017-11-01 03:00:00-07:00,64,13.5,14.30329984188081
2017-11-01 03:00:00-07:00,66,,12.722599930763252
2017-11-01 03:00:00-07:00,67,,7.600600049495712
2017-11-01 03:00:00-07:00,68,,10.853199999332443
2017-11-01 03:00:00-07:00,69,11.5,14.629199805259722
2017-11-01 04:00:00-07:00,61,6.59999990463257,7.92670001506806
2017-11-01 04:00:00-07:00,62,,17.366199927330012
2017-11-01 04:00:00-07:00,63,9.79999971389771,8.28199995040894
2017-11-01 04:00:00-07:00,64,8.39999961853027,17.757700047492975
2017-11-01 04:00:00-07:00,66,,12.603600025177007
2017-11-01 04:00:00-07:00,67,,7.26654997348786
2017-11-01 04:00:00-07:00,68,,15.06894999027251
2017-11-01 04:00:00-07:00,69,14.8000001907349,14.55410020828249
2017-11-01 05:00:00-07:00,61,5.59999990463257,10.452050065994262
2017-11-01 05:00:00-07:00,62,8.5,17.470449581146244
2017-11-01 05:00:00-07:00,63,7.00000023841858,8.001699867248535
2017-11-01 05:00:00-07:00,64,6.40000009536743,13.582800102233886
2017-11-01 05:00:00-07:00,66,,13.830299987792971
2017-11-01 05:00:00-07:00,67,,6.851200037002568
2017-11-01 05:00:00-07:00,68,,7.601999988555909
2017-11-01 05:00:00-07:00,69,13.1000003814697,14.587849879264834
2017-11-01 06:00:00-07:00,61,5.09999990463257,8.106900005340584
2017-11-01 06:00:00-07:00,62,9.19999980926514,13.537800323963193
2017-11-01 06:00:00-07:00,63,7.40000009536743,6.42790004730224
2017-11-01 06:00:00-07:00,64,,14.129200353622467
2017-11-01 06:00:00-07:00,66,,7.087500035762788
2017-11-01 06:00:00-07:00,67,,8.895800015926374
2017-11-01 06:00:00-07:00,68,,13.498900189399741
2017-11-01 06:00:00-07:00,69,9.10000038146973,7.6684001255035446
2017-11-01 07:00:00-07:00,61,4.75,8.533936706701912
2017-11-01 07:00:00-07:00,62,6.16666658719381,11.189099881649021
2017-11-01 07:00:00-07:00,63,6.43333339691162,8.351833370526627
2017-11-01 07:00:00-07:00,64,7.80000019073486,11.027716528574619
2017-11-01 07:00:00-07:00,66,5.40000009536743,7.171760006904601
2017-11-01 07:00:00-07:00,67,7.30000019073486,7.454949986934651
2017-11-01 07:00:00-07:00,68,4.90000009536743,13.032899904251087
2017-11-01 07:00:00-07:00,69,7.70000004768372,4.835949957370753
2017-11-01 08:00:00-07:00,61,4.69999980926514,7.253949904441839
2017-11-01 08:00:00-07:00,62,4.09999990463257,11.71159977436065
2017-11-01 08:00:00-07:00,63,8.84999990463257,7.8770499181747455
2017-11-01 08:00:00-07:00,64,,11.07449979782104
2017-11-01 08:00:00-07:00,66,,6.418399910926821
2017-11-01 08:00:00-07:00,67,,4.361899914741521
2017-11-01 08:00:00-07:00,68,,12.115399837493891
2017-11-01 08:00:00-07:00,69,3.70000004768372,5.031799864768976
2017-11-01 09:00:00-07:00,61,4.5,4.303800020217896
2017-11-01 09:00:00-07:00,62,1.60000002384186,11.539000222682951
2017-11-01 09:00:00-07:00,63,6.30000019073486,6.859149959087366
2017-11-01 09:00:00-07:00,64,2.20000004768372,8.714799962043775
2017-11-01 09:00:00-07:00,66,,6.427849960327148
2017-11-01 09:00:00-07:00,67,,4.503549971580506
2017-11-01 09:00:00-07:00,68,,6.21204997301102
2017-11-01 09:00:00-07:00,69,6.59999990463257,7.770250046253208
2017-11-01 10:00:00-07:00,61,4.59999990463257,6.006949963569648
2017-11-01 10:00:00-07:00,62,3.09999990463257,10.080400002002712
2017-11-01 10:00:00-07:00,63,7.5,6.238499994277953
2017-11-01 10:00:00-07:00,64,5.09999990463257,8.08089991092682
2017-11-01 10:00:00-07:00,66,,6.291799952983858
2017-11-01 10:00:00-07:00,67,,4.598949952125555
2017-11-01 10:00:00-07:00,68,,6.450649909973141
2017-11-01 10:00:00-07:00,69,5.5,5.875399980545051
2017-11-01 11:00:00-07:00,61,,4.199099969863894
2017-11-01 11:00:00-07:00,62,4.5,9.22320016503333
2017-11-01 11:00:00-07:00,63,5.69999980926514,5.927600014209737
2017-11-01 11:00:00-07:00,64,3.20000004768372,7.823600071668618
2017-11-01 11:00:00-07:00,66,,4.466899951696391
2017-11-01 11:00:00-07:00,67,,3.563499991893769
2017-11-01 11:00:00-07:00,68,,5.747700061798092
2017-11-01 11:00:00-07:00,69,5.19999980926514,4.933400015830985
2017-11-01 12:00:00-07:00,61,4.80000019073486,5.550250096321109
2017-11-01 12:00:00-07:00,62,5.09999990463257,8.102700113058093
2017-11-01 12:00:00-07:00,63,6.04999995231628,7.130250006914136
2017-11-01 12:00:00-07:00,64,,8.926850056648252
2017-11-01 12:00:00-07:00,66,,3.8577000200748444
2017-11-01 12:00:00-07:00,67,,3.819650057554247
2017-11-01 12:00:00-07:00,68,,6.715350039005287
2017-11-01 12:00:00-07:00,69,4.90000009536743,4.219300063848502
2017-11-01 13:00:00-07:00,61,6.69999980926514,5.700301671743388
2017-11-01 13:00:00-07:00,62,7.5,9.052500016093266
2017-11-01 13:00:00-07:00,63,6.85000014305115,5.531303352435424
2017-11-01 13:00:00-07:00,64,,6.731768307248749
2017-11-01 13:00:00-07:00,66,,5.253609985232352
2017-11-01 13:00:00-07:00,67,,4.189833335876461
2017-11-01 13:00:00-07:00,68,,4.855316668748852
2017-11-01 13:00:00-07:00,69,8.39999961853027,4.600950002670288
2017-11-01 14:00:00-07:00,61,7.09999990463257,4.070300009250653
2017-11-01 14:00:00-07:00,62,,9.147116792599345
2017-11-01 14:00:00-07:00,63,6.80000019073486,5.04422211074829
2017-11-01 14:00:00-07:00,64,2.59999990463257,7.159190052986141
2017-11-01 14:00:00-07:00,66,,5.694116723934812
2017-11-01 14:00:00-07:00,67,,3.32950000524521
2017-11-01 14:00:00-07:00,68,,3.146000007390981
2017-11-01 14:00:00-07:00,69,2.5,6.085366698900858
2017-11-01 15:00:00-07:00,61,6.59999990463257,4.2420999550819545
2017-11-01 15:00:00-07:00,62,6.19999980926514,6.999299957752235
2017-11-01 15:00:00-07:00,63,5.60000014305115,4.033000031709671
2017-11-01 15:00:00-07:00,64,,5.529599997997295
2017-11-01 15:00:00-07:00,66,,8.045600095987336
2017-11-01 15:00:00-07:00,67,,3.9339999675750743
2017-11-01 15:00:00-07:00,68,,3.0967999732494373
2017-11-01 15:00:00-07:00,69,7.80000019073486,5.381900007724765
2017-11-01 16:00:00-07:00,61,7.80000019073486,4.989100096225737
2017-11-01 16:00:00-07:00,62,3.59999990463257,7.2164999818801725
2017-11-01 16:00:00-07:00,63,6.04999995231628,3.323650060892101
2017-11-01 16:00:00-07:00,64,,5.734650026559825
2017-11-01 16:00:00-07:00,66,,5.489350005388255
2017-11-01 16:00:00-07:00,67,,3.914599967002866
2017-11-01 16:00:00-07:00,68,,3.1795500290393814
2017-11-01 16:00:00-07:00,69,16.7000007629395,5.405500032901758
2017-11-01 17:00:00-07:00,61,7.59999990463257,4.46044999837876
2017-11-01 17:00:00-07:00,62,1.5,4.792773332436871
2017-11-01 17:00:00-07:00,63,6.80000019073486,4.436621689478553
2017-11-01 17:00:00-07:00,64,0.600000023841858,5.01340499210357
2017-11-01 17:00:00-07:00,66,,4.512339998722069
2017-11-01 17:00:00-07:00,67,,4.30784998416901
2017-11-01 17:00:00-07:00,68,,4.354216643969224
2017-11-01 17:00:00-07:00,69,5.80000019073486,4.869333308537797
2017-11-01 18:00:00-07:00,61,,5.125549957752227
2017-11-01 18:00:00-07:00,62,,4.9151000070571875
2017-11-01 18:00:00-07:00,63,,4.825699963569637
2017-11-01 18:00:00-07:00,64,4.40000009536743,4.864999947547906
2017-11-01 18:00:00-07:00,66,,4.6359999656677235
2017-11-01 18:00:00-07:00,67,,5.572249886989603
2017-11-01 18:00:00-07:00,68,,4.554049999713897
2017-11-01 18:00:00-07:00,69,3.40000009536743,3.9272999906539887
2017-11-01 19:00:00-07:00,61,6.59999990463257,5.1834499454498335
2017-11-01 19:00:00-07:00,62,,4.383524957299242
2017-11-01 19:00:00-07:00,63,2.59999999403954,4.318266672293362
2017-11-01 19:00:00-07:00,64,4.5,4.687241632143669
2017-11-01 19:00:00-07:00,66,,3.018416669766115
2017-11-01 19:00:00-07:00,67,,3.3111499685049104
2017-11-01 19:00:00-07:00,68,,4.93139997005464
2017-11-01 19:00:00-07:00,69,0.300000011920929,2.4913000208139504
2017-11-01 20:00:00-07:00,61,6.5,4.570250036716459
2017-11-01 20:00:00-07:00,62,0.400000005960464,3.79064998298883
2017-11-01 20:00:00-07:00,63,4.5,3.0826500082015897
2017-11-01 20:00:00-07:00,64,5.09999990463257,3.880250024795531
2017-11-01 20:00:00-07:00,66,,2.9356000125408173
2017-11-01 20:00:00-07:00,67,,4.682149976491923
2017-11-01 20:00:00-07:00,68,,5.054050011634823
2017-11-01 20:00:00-07:00,69,1.20000004768372,1.8070999991893668
2017-11-01 21:00:00-07:00,61,5.69999980926514,3.554166706800464
2017-11-01 21:00:00-07:00,62,2.5,3.1923750728368816
2017-11-01 21:00:00-07:00,63,4.10000002384186,2.7695066802501636
2017-11-01 21:00:00-07:00,64,0.100000001490116,3.3514983664751057
2017-11-01 21:00:00-07:00,66,,3.0785400156974774
2017-11-01 21:00:00-07:00,67,,2.245096686840059
2017-11-01 21:00:00-07:00,68,,4.014696740865723
2017-11-01 21:00:00-07:00,69,0.5,1.6518650196790716
2017-11-01 22:00:00-07:00,61,5.80000019073486,3.1753500473499354
2017-11-01 22:00:00-07:00,62,3.5,2.6827000033855466
2017-11-01 22:00:00-07:00,63,5.54999995231628,2.8073500156402584
2017-11-01 22:00:00-07:00,64,2.09999990463257,3.0830000030994444
2017-11-01 22:00:00-07:00,66,,3.182100017070775
2017-11-01 22:00:00-07:00,67,,2.8513999563455688
2017-11-01 22:00:00-07:00,68,,3.144800006151206
2017-11-01 22:00:00-07:00,69,1.29999995231628,1.8006999999284918
2017-11-01 23:00:00-07:00,61,7.19999980926514,3.057515814622251
2017-11-01 23:00:00-07:00,62,1.79999995231628,3.061166694561626
2017-11-01 23:00:00-07:00,63,3.79999995231628,2.362724971771243
2017-11-01 23:00:00-07:00,64,3.79999995231628,2.750249989032742
2017-11-01 23:00:00-07:00,66,,2.3061249876022316
2017-11-01 23:00:00-07:00,67,,3.6335533663829285
2017-11-01 23:00:00-07:00,68,,3.501478337367381
2017-11-01 23:00:00-07:00,69,2.90000009536743,1.9185999852418938
2017-11-02 00:00:00-07:00,61,6.5,2.8284350274205234
2017-11-02 00:00:00-07:00,62,3.29999995231628,3.362791652679439
2017-11-02 00:00:00-07:00,63,5.69999980926514,2.364226656675344
2017-11-02 00:00:00-07:00,64,1.10000002384186,3.2233099801540366
2017-11-02 00:00:00-07:00,66,,2.763169968962673
2017-11-02 00:00:00-07:00,67,,2.5733666825294392
2017-11-02 00:00:00-07:00,68,,3.220616728365412
2017-11-02 00:00:00-07:00,69,2.09999990463257,2.155466644465923
2017-11-02 01:00:00-07:00,61,8.80000019073486,4.168249917626376
2017-11-02 01:00:00-07:00,62,8.60000038146973,4.422249934971335
2017-11-02 01:00:00-07:00,63,7.20000004768372,3.604499976634971
2017-11-02 01:00:00-07:00,64,5.09999990463257,4.68389993309974
2017-11-02 01:00:00-07:00,66,,3.4471999883651634
2017-11-02 01:00:00-07:00,67,,2.7557999724149695
2017-11-02 01:00:00-07:00,68,,3.7584499445557515
2017-11-02 01:00:00-07:00,69,3.40000009536743,3.084399985074997
2017-11-02 02:00:00-07:00,61,8.69999980926514,2.8293999928235944
2017-11-02 02:00:00-07:00,62,8.10000038146973,5.699800025820725
2017-11-02 02:00:00-07:00,63,9.60000038146973,3.1516000360250462
2017-11-02 02:00:00-07:00,64,,3.754100039005273
2017-11-02 02:00:00-07:00,66,,3.4512000387907005
2017-11-02 02:00:00-07:00,67,,2.323499983549107
2017-11-02 02:00:00-07:00,68,,3.3692999935150088
2017-11-02 02:00:00-07:00,69,4.5,3.592300056815139
2017-11-02 03:00:00-07:00,61,6.09999990463257,3.3054499471187686
2017-11-02 03:00:00-07:00,62,11.8000001907349,6.473899930715575
2017-11-02 03:00:00-07:00,63,5.1499999165535,2.910649970769878
2017-11-02 03:00:00-07:00,64,,5.115999960899359
2017-11-02 03:00:00-07:00,66,,3.9803499662876263
2017-11-02 03:00:00-07:00,67,,3.746399983167665
2017-11-02 03:00:00-07:00,68,,4.204449969530112
2017-11-02 03:00:00-07:00,69,5.90000009536743,3.784649986028679
2017-11-02 04:00:00-07:00,61,8.5,5.745800055861462
2017-11-02 04:00:00-07:00,62,12.3999996185303,9.754599916338925
2017-11-02 04:00:00-07:00,63,6.30000019073486,2.9298166596889548
2017-11-02 04:00:00-07:00,64,3.79999995231628,4.434266652464858
2017-11-02 04:00:00-07:00,66,,3.43614005494117
2017-11-02 04:00:00-07:00,67,,5.2764000475406565
2017-11-02 04:00:00-07:00,68,,5.8024000650644165
2017-11-02 04:00:00-07:00,69,6.5,3.1897666919231327
2017-11-02 05:00:00-07:00,61,,5.916300001144405
2017-11-02 05:00:00-07:00,62,10.6000003814697,7.489499936103818
2017-11-02 05:00:00-07:00,63,9.25,4.0229499751329385
2017-11-02 05:00:00-07:00,64,,5.202099950313562
2017-11-02 05:00:00-07:00,66,,4.27459997892379
2017-11-02 05:00:00-07:00,67,,4.726049966216088
2017-11-02 05:00:00-07:00,68,,4.367950010895736
2017-11-02 05:00:00-07:00,69,6.59999990463257,4.342349956035607
2017-11-02 06:00:00-07:00,61,,2.361000027656555
2017-11-02 06:00:00-07:00,62,10.1999998092651,4.884100021123881
2017-11-02 06:00:00-07:00,63,14.6000003814697,2.760596709012985
2017-11-02 06:00:00-07:00,64,0.699999988079071,5.092433363199229
2017-11-02 06:00:00-07:00,66,,3.589425022006038
2017-11-02 06:00:00-07:00,67,,6.570900152921673
2017-11-02 06:00:00-07:00,68,,5.411100025176998
2017-11-02 06:00:00-07:00,69,0.699999988079071,3.540850033760073
2017-11-02 07:00:00-07:00,61,4.64999985694885,3.733474230110639
2017-11-02 07:00:00-07:00,62,6.33333333333333,7.5325168895721415
2017-11-02 07:00:00-07:00,63,6.09999990463257,2.9828666448593086
2017-11-02 07:00:00-07:00,64,1.39999997615814,3.09811664819717
2017-11-02 07:00:00-07:00,66,4.69999980926514,3.4961666738986956
2017-11-02 07:00:00-07:00,67,9.69999980926514,5.281945937573898
2017-11-02 07:00:00-07:00,68,5.69999980926514,3.392433407306667
2017-11-02 07:00:00-07:00,69,3.74999988079071,2.9170999896526304
2017-11-02 08:00:00-07:00,61,,1.8696547807114587
2017-11-02 08:00:00-07:00,62,3.40000009536743,6.842033534049993
2017-11-02 08:00:00-07:00,63,3.64999990537763,2.671036638259894
2017-11-02 08:00:00-07:00,64,,3.65923085671664
2017-11-02 08:00:00-07:00,66,,3.159937495291235
2017-11-02 08:00:00-07:00,67,,3.861200011968622
2017-11-02 08:00:00-07:00,68,,2.089641715288174
2017-11-02 08:00:00-07:00,69,0.300000011920929,3.64262495338917
2017-11-02 09:00:00-07:00,61,4.5,3.155099948644649
2017-11-02 09:00:00-07:00,62,,4.789200128316876
2017-11-02 09:00:00-07:00,63,3.80000004917383,2.892600007057194
2017-11-02 09:00:00-07:00,64,0.100000001490116,3.195999996662147
2017-11-02 09:00:00-07:00,66,,3.345600024461751
2017-11-02 09:00:00-07:00,67,,4.074099892377864
2017-11-02 09:00:00-07:00,68,,2.0690999853611007
2017-11-02 09:00:00-07:00,69,2.29999995231628,3.431900036334996
2017-11-02 10:00:00-07:00,61,4.80000019073486,3.812199973464015
2017-11-02 10:00:00-07:00,62,6.59999990463257,4.032499982714649
2017-11-02 10:00:00-07:00,63,6.34999990463257,2.9609517015218607
2017-11-02 10:00:00-07:00,64,,3.6821083599329043
2017-11-02 10:00:00-07:00,66,,3.5351750266552013
2017-11-02 10:00:00-07:00,67,,3.651474947929387
2017-11-02 10:00:00-07:00,68,,2.5068416476249737
2017-11-02 10:00:00-07:00,69,,3.47787501990795
2017-11-02 11:00:00-07:00,61,,3.2062999778986025
2017-11-02 11:00:00-07:00,62,4.59999990463257,4.768499937057506
2017-11-02 11:00:00-07:00,63,7.09999990463257,3.144291657209399
2017-11-02 11:00:00-07:00,64,,4.169983292818074
2017-11-02 11:00:00-07:00,66,,3.488966653347017
2017-11-02 11:00:00-07:00,67,,4.649716517925263
2017-11-02 11:00:00-07:00,68,,3.015158272981644
2017-11-02 11:00:00-07:00,69,2.70000004768372,2.8374500066041914
2017-11-02 12:00:00-07:00,61,6.5,4.217299935817723
2017-11-02 12:00:00-07:00,62,,4.344299978017805
2017-11-02 12:00:00-07:00,63,7.80000019073486,3.447499952316285
2017-11-02 12:00:00-07:00,64,2.29999995231628,4.062199940681458
2017-11-02 12:00:00-07:00,66,,3.8980499446392063
2017-11-02 12:00:00-07:00,67,,4.192799882888796
2017-11-02 12:00:00-07:00,68,,3.3019499468803453
2017-11-02 12:00:00-07:00,69,4.30000019073486,2.715300003290187
2017-11-02 13:00:00-07:00,61,7.5,4.3661999088525665
2017-11-02 13:00:00-07:00,62,2.29999995231628,5.11390000611544
2017-11-02 13:00:00-07:00,63,6.09999990463257,3.7986000126600317
2017-11-02 13:00:00-07:00,64,5.40000009536743,4.993199939727779
2017-11-02 13:00:00-07:00,66,,4.496899925172329
2017-11-02 13:00:00-07:00,67,,4.408400009572503
2017-11-02 13:00:00-07:00,68,,4.500999986827374
2017-11-02 13:00:00-07:00,69,2.20000004768372,3.2259999790787806
2017-11-02 14:00:00-07:00,61,6.90000009536743,5.190314971446982
2017-11-02 14:00:00-07:00,62,3.79999995231628,6.031116733948377
2017-11-02 14:00:00-07:00,63,7.09999990463257,4.189897117853157
2017-11-02 14:00:00-07:00,64,4.09999990463257,6.144248878161111
2017-11-02 14:00:00-07:00,66,,4.838176720301302
2017-11-02 14:00:00-07:00,67,,4.58652502179145
2017-11-02 14:00:00-07:00,68,,4.51830001592635
2017-11-02 14:00:00-07:00,69,3.09999990463257,5.404773384173707
2017-11-02 15:00:00-07:00,61,,5.0497999501228374
2017-11-02 15:00:00-07:00,62,4.09999990463257,4.484699954986571
2017-11-02 15:00:00-07:00,63,9.59999990463257,3.962299983501433
2017-11-02 15:00:00-07:00,64,0.899999976158142,5.929849946498862
2017-11-02 15:00:00-07:00,66,,6.198449921607962
2017-11-02 15:00:00-07:00,67,,5.389499979019153
2017-11-02 15:00:00-07:00,68,,5.070899930000303
2017-11-02 15:00:00-07:00,69,1.29999995231628,4.912499959468828
2017-11-02 16:00:00-07:00,61,,5.001504965066916
2017-11-02 16:00:00-07:00,62,4.80000019073486,4.489323307593654
2017-11-02 16:00:00-07:00,63,6.0,3.8959499835967986
2017-11-02 16:00:00-07:00,64,1.39999997615814,4.952231684764236
2017-11-02 16:00:00-07:00,66,,5.1481483951409714
2017-11-02 16:00:00-07:00,67,,4.513418267091117
2017-11-02 16:00:00-07:00,68,,5.0642083821694115
2017-11-02 16:00:00-07:00,69,0.800000011920929,3.540175007184356
2017-11-02 17:00:00-07:00,61,13.1999998092651,5.5544267142613695
2017-11-02 17:00:00-07:00,62,1.60000002384186,10.026275236606601
2017-11-02 17:00:00-07:00,63,5.60000014305115,4.358966658910111
2017-11-02 17:00:00-07:00,64,3.29999995231628,4.4677766764958715
2017-11-02 17:00:00-07:00,66,,4.233083343903219
2017-11-02 17:00:00-07:00,67,,5.102900058031082
2017-11-02 17:00:00-07:00,68,,6.270566640694929
2017-11-02 17:00:00-07:00,69,2.5,2.3678999686241156
2017-11-02 18:00:00-07:00,61,7.80000019073486,4.53749998569489
2017-11-02 18:00:00-07:00,62,3.09999990463257,4.452300031185162
2017-11-02 18:00:00-07:00,63,5.30000019073486,4.8168999767303475
2017-11-02 18:00:00-07:00,64,0.699999988079071,5.065800075531012
2017-11-02 18:00:00-07:00,66,,3.938599994182594
2017-11-02 18:00:00-07:00,67,,4.527100033760075
2017-11-02 18:00:00-07:00,68,,4.805999994277956
2017-11-02 18:00:00-07:00,69,1.79999995231628,4.122300026416788
2017-11-02 19:00:00-07:00,61,7.40000009536743,4.889149925708772
2017-11-02 19:00:00-07:00,62,4.09999990463257,5.042583335240682
2017-11-02 19:00:00-07:00,63,4.80000019073486,4.458783322572703
2017-11-02 19:00:00-07:00,64,0.699999988079071,4.647216672102612
2017-11-02 19:00:00-07:00,66,,4.275950015783307
2017-11-02 19:00:00-07:00,67,,6.708324982523913
2017-11-02 19:00:00-07:00,68,,5.580350012779233
2017-11-02 19:00:00-07:00,69,0.400000005960464,4.085866663853322
2017-11-02 20:00:00-07:00,61,8.5,4.9123000049591035
2017-11-02 20:00:00-07:00,62,3.90000009536743,5.548999972343454
2017-11-02 20:00:00-07:00,63,3.64999985694885,4.179699966907505
2017-11-02 20:00:00-07:00,64,,4.74005000829697
2017-11-02 20:00:00-07:00,66,,4.503399975299844
2017-11-02 20:00:00-07:00,67,,5.622249860763555
2017-11-02 20:00:00-07:00,68,,5.155349910259256
2017-11-02 20:00:00-07:00,69,0.699999988079071,4.380949995517735
2017-11-02 21:00:00-07:00,61,9.10000038146973,5.054903269131973
2017-11-02 21:00:00-07:00,62,7.19999980926514,5.178080015659333
2017-11-02 21:00:00-07:00,63,4.40000009536743,5.0571783188184085
2017-11-02 21:00:00-07:00,64,,5.276229961395265
2017-11-02 21:00:00-07:00,66,,4.985383265813191
2017-11-02 21:00:00-07:00,67,,5.877599930763244
2017-11-02 21:00:00-07:00,68,,5.004673266251883
2017-11-02 21:00:00-07:00,69,5.69999980926514,4.280333269437147
2017-11-02 22:00:00-07:00,61,6.90000009536743,5.105726751248033
2017-11-02 22:00:00-07:00,62,2.70000004768372,4.671918080375297
2017-11-02 22:00:00-07:00,63,4.45000004768372,4.765269964694978
2017-11-02 22:00:00-07:00,64,4.40000009536743,5.046267209138186
2017-11-02 22:00:00-07:00,66,,4.579601619402569
2017-11-02 22:00:00-07:00,67,,5.8202000205516775
2017-11-02 22:00:00-07:00,68,,5.759028170352893
2017-11-02 22:00:00-07:00,69,2.29999995231628,4.025483304659524
2017-11-02 23:00:00-07:00,61,10.8999996185303,4.990000095367435
2017-11-02 23:00:00-07:00,62,1.79999995231628,5.42410007476807
2017-11-02 23:00:00-07:00,63,4.35000002384186,4.4342000412940905
2017-11-02 23:00:00-07:00,64,3.90000009536743,5.256600065231323
2017-11-02 23:00:00-07:00,66,,4.8048000717163095
2017-11-02 23:00:00-07:00,67,,5.507300000190744
2017-11-02 23:00:00-07:00,68,,5.375100088119506
2017-11-02 23:00:00-07:00,69,2.40000009536743,4.2241000103950554
2017-11-03 00:00:00-07:00,61,5.69999980926514,5.006325806379314
2017-11-03 00:00:00-07:00,62,3.79999995231628,4.5388333195845245
2017-11-03 00:00:00-07:00,63,4.94999980926514,4.405639183680213
2017-11-03 00:00:00-07:00,64,,5.195072000424071
2017-11-03 00:00:00-07:00,66,,4.68138999088605
2017-11-03 00:00:00-07:00,67,,4.371300020217896
2017-11-03 00:00:00-07:00,68,,5.423380074977869
2017-11-03 00:00:00-07:00,69,1.60000002384186,4.126774996519098
2017-11-03 01:00:00-07:00,61,5.19999980926514,4.811115036924672
2017-11-03 01:00:00-07:00,62,7.19999980926514,4.471566718419389
2017-11-03 01:00:00-07:00,63,4.04999995231628,3.9899783204396595
2017-11-03 01:00:00-07:00,64,,5.345875001668929
2017-11-03 01:00:00-07:00,66,,5.17021660959721
2017-11-03 01:00:00-07:00,67,,4.586683330138525
2017-11-03 01:00:00-07:00,68,,4.31609998985131
2017-11-03 01:00:00-07:00,69,,5.008068361997603
2017-11-03 02:00:00-07:00,61,5.09999990463257,4.05283828532696
2017-11-03 02:00:00-07:00,62,5.5,4.454986804638583
2017-11-03 02:00:00-07:00,63,4.64999985694885,3.702556626081469
2017-11-03 02:00:00-07:00,64,,4.565564932703969
2017-11-03 02:00:00-07:00,66,,5.127348264336593
2017-11-03 02:00:00-07:00,67,,4.223774983286857
2017-11-03 02:00:00-07:00,68,,3.967624939084045
2017-11-03 02:00:00-07:00,69,4.19999980926514,4.190746374215401
2017-11-03 03:00:00-07:00,61,4.90000009536743,3.9420416649182606
2017-11-03 03:00:00-07:00,62,4.5,3.558941734631853
2017-11-03 03:00:00-07:00,63,4.15000009536743,2.92462333194414
2017-11-03 03:00:00-07:00,64,,5.978464985807722
2017-11-03 03:00:00-07:00,66,,9.468006592075021
2017-11-03 03:00:00-07:00,67,,4.750398355205842
2017-11-03 03:00:00-07:00,68,,3.93936666329701
2017-11-03 03:00:00-07:00,69,4.19999980926514,7.160808305541666
2017-11-03 04:00:00-07:00,61,5.09999990463257,2.9093999969959317
2017-11-03 04:00:00-07:00,62,2.79999995231628,2.816399991512311
2017-11-03 04:00:00-07:00,63,3.89999985694885,2.23409999489785
2017-11-03 04:00:00-07:00,64,2.09999990463257,3.8081999468803467
2017-11-03 04:00:00-07:00,66,,5.302499836683278
2017-11-03 04:00:00-07:00,67,,2.9942000198364305
2017-11-03 04:00:00-07:00,68,,2.8693999946117543
2017-11-03 04:00:00-07:00,69,0.400000005960464,3.1677999651432103
2017-11-03 05:00:00-07:00,61,3.90000009536743,2.525933333635326
2017-11-03 05:00:00-07:00,62,3.29999995231628,2.493900017738339
2017-11-03 05:00:00-07:00,63,3.30000007152557,1.732066667079934
2017-11-03 05:00:00-07:00,64,2.09999990463257,3.1270499634742634
2017-11-03 05:00:00-07:00,66,,3.93314990758895
2017-11-03 05:00:00-07:00,67,,3.5308999621868047
2017-11-03 05:00:00-07:00,68,,2.8914666628837544
2017-11-03 05:00:00-07:00,69,,2.9065166306495573
2017-11-03 06:00:00-07:00,61,3.40000009536743,2.198485005766152
2017-11-03 06:00:00-07:00,62,1.70000004768372,1.5832166483998247
2017-11-03 06:00:00-07:00,63,2.5,1.2080249997973471
2017-11-03 06:00:00-07:00,64,4.69999980926514,2.008974983791516
2017-11-03 06:00:00-07:00,66,,2.1604766706029555
2017-11-03 06:00:00-07:00,67,,2.874241683383781
2017-11-03 06:00:00-07:00,68,,2.417699998021126
2017-11-03 06:00:00-07:00,69,,1.6949116593897386
2017-11-03 07:00:00-07:00,61,5.19999980926514,1.6364783208966287
2017-11-03 07:00:00-07:00,62,3.35000014305115,2.8091999509930616
2017-11-03 07:00:00-07:00,63,4.43333331743876,1.3793083360791343
2017-11-03 07:00:00-07:00,64,1.60000002384186,2.4058949842453075
2017-11-03 07:00:00-07:00,66,3.75,1.740641658008112
2017-11-03 07:00:00-07:00,67,4.59999990463257,3.2679999664425807
2017-11-03 07:00:00-07:00,68,4.40000009536743,2.9927999752759895
2017-11-03 07:00:00-07:00,69,1.69999995082617,2.0455999624729237
2017-11-03 08:00:00-07:00,61,6.09999990463257,2.0404000207781756
2017-11-03 08:00:00-07:00,62,1.70000004768372,4.978200027346599
2017-11-03 08:00:00-07:00,63,3.50000011920929,0.9663000041246423
2017-11-03 08:00:00-07:00,64,7.59999990463257,1.5734000146389029
2017-11-03 08:00:00-07:00,66,,1.7246000176668144
2017-11-03 08:00:00-07:00,67,,6.458800090551361
2017-11-03 08:00:00-07:00,68,,4.883500033318981
2017-11-03 08:00:00-07:00,69,,1.3874000129103692
2017-11-03 09:00:00-07:00,61,5.30000019073486,1.7095000338554414
2017-11-03 09:00:00-07:00,62,2.5,1.911500024199496
2017-11-03 09:00:00-07:00,63,3.24999994039536,1.3954000133276026
2017-11-03 09:00:00-07:00,64,6.69999980926514,2.7158000242710116
2017-11-03 09:00:00-07:00,66,,1.5024000185728
2017-11-03 09:00:00-07:00,67,,3.294000021815302
2017-11-03 09:00:00-07:00,68,,2.6157500350475296
2017-11-03 09:00:00-07:00,69,,1.8777000308036804
2017-11-03 10:00:00-07:00,61,4.69999980926514,1.4004876269272408
2017-11-03 10:00:00-07:00,62,,1.38148335397244
2017-11-03 10:00:00-07:00,63,3.04999989271164,1.233875006437307
2017-11-03 10:00:00-07:00,64,,1.715758345723156
2017-11-03 10:00:00-07:00,66,,2.0122666734457013
2017-11-03 10:00:00-07:00,67,,2.8989666885137613
2017-11-03 10:00:00-07:00,68,,1.4980733411312084
2017-11-03 10:00:00-07:00,69,,1.5406166630983424
2017-11-03 11:00:00-07:00,61,2.90000009536743,1.7037499904632547
2017-11-03 11:00:00-07:00,62,,1.543700000047675
2017-11-03 11:00:00-07:00,63,3.84999990463257,1.235983331799499
2017-11-03 11:00:00-07:00,64,0.5,1.7847333467006674
2017-11-03 11:00:00-07:00,66,,2.39066670298576
2017-11-03 11:00:00-07:00,67,,2.4201999527215907
2017-11-03 11:00:00-07:00,68,,1.6829999864101381
2017-11-03 11:00:00-07:00,69,1.60000002384186,1.7427333438396406
2017-11-03 12:00:00-07:00,61,,1.498028104072521
2017-11-03 12:00:00-07:00,62,,1.3759483085671977
2017-11-03 12:00:00-07:00,63,3.35000002384186,1.3289333311716724
2017-11-03 12:00:00-07:00,64,1.39999997615814,1.814658343295255
2017-11-03 12:00:00-07:00,66,,2.1025417112310656
2017-11-03 12:00:00-07:00,67,,2.5393400065898835
2017-11-03 12:00:00-07:00,68,,1.6804833211501435
2017-11-03 12:00:00-07:00,69,2.90000009536743,1.5639000171422932
2017-11-03 13:00:00-07:00,61,3.40000009536743,1.4593000161647787
2017-11-03 13:00:00-07:00,62,,1.671661654353132
2017-11-03 13:00:00-07:00,63,3.55000007152557,1.2780500054359525
2017-11-03 13:00:00-07:00,64,,1.8317666834592856
2017-11-03 13:00:00-07:00,66,,2.145130040407196
2017-11-03 13:00:00-07:00,67,,3.0057350529432316
2017-11-03 13:00:00-07:00,68,,1.5818416738510077
2017-11-03 13:00:00-07:00,69,2.90000009536743,1.4600333368778333
2017-11-03 14:00:00-07:00,61,3.20000004768372,1.6243666660785756
2017-11-03 14:00:00-07:00,62,3.20000004768372,1.904500009417534
2017-11-03 14:00:00-07:00,63,2.40000003576279,2.0773266823291774
2017-11-03 14:00:00-07:00,64,2.29999995231628,2.0022000116109933
2017-11-03 14:00:00-07:00,66,,2.4375000154972017
2017-11-03 14:00:00-07:00,67,,3.0356766272783258
2017-11-03 14:00:00-07:00,68,,1.6969250041246386
2017-11-03 14:00:00-07:00,69,1.29999995231628,1.7964000082016085
2017-11-03 15:00:00-07:00,61,,1.2661000010371222
2017-11-03 15:00:00-07:00,62,4.90000009536743,1.7807999783754376
2017-11-03 15:00:00-07:00,63,3.09999990463257,1.6749166703224194
2017-11-03 15:00:00-07:00,64,,2.7705604911531783
2017-11-03 15:00:00-07:00,66,,1.5184833455085762
2017-11-03 15:00:00-07:00,67,,3.0365000259876282
2017-11-03 15:00:00-07:00,68,,2.0994499650597565
2017-11-03 15:00:00-07:00,69,,1.9589500248432241
2017-11-03 16:00:00-07:00,61,4.59999990463257,1.475300006270416
2017-11-03 16:00:00-07:00,62,,1.978199976384639
2017-11-03 16:00:00-07:00,63,2.60000002384186,1.365500009655948
2017-11-03 16:00:00-07:00,64,,2.593699994087217
2017-11-03 16:00:00-07:00,66,,2.1247999927401526
2017-11-03 16:00:00-07:00,67,,2.113000007569797
2017-11-03 16:00:00-07:00,68,,2.048400001227858
2017-11-03 16:00:00-07:00,69,0.400000005960464,2.081600000858307
2017-11-03 17:00:00-07:00,61,5.5,2.430599970817573
2017-11-03 17:00:00-07:00,62,4.30000019073486,2.624400001168251
2017-11-03 17:00:00-07:00,63,3.40000009536743,1.8751999801397332
2017-11-03 17:00:00-07:00,64,4.69999980926514,2.1806999826431284
2017-11-03 17:00:00-07:00,66,,2.2971999692916896
2017-11-03 17:00:00-07:00,67,,2.718900005817428
2017-11-03 17:00:00-07:00,68,,2.314299989342702
2017-11-03 17:00:00-07:00,69,,1.8191999858617773
2017-11-03 18:00:00-07:00,61,,2.0893583291768945
2017-11-03 18:00:00-07:00,62,2.59999990463257,2.3170983092784834
2017-11-03 18:00:00-07:00,63,2.14999997615814,1.9933999925851804
2017-11-03 18:00:00-07:00,64,0.699999988079071,1.8168858164846888
2017-11-03 18:00:00-07:00,66,,2.793188291907313
2017-11-03 18:00:00-07:00,67,,3.4756966366569095
2017-11-03 18:00:00-07:00,68,,2.124088316321373
2017-11-03 18:00:00-07:00,69,0.5,1.7765333107113932
2017-11-03 19:00:00-07:00,61,7.40000009536743,2.8322999906539863
2017-11-03 19:00:00-07:00,62,2.20000004768372,2.641300004720689
2017-11-03 19:00:00-07:00,63,2.85000002384186,2.178699996471398
2017-11-03 19:00:00-07:00,64,,2.6371500051021552
2017-11-03 19:00:00-07:00,66,,2.0805500113964044
2017-11-03 19:00:00-07:00,67,,2.971150025129308
2017-11-03 19:00:00-07:00,68,,2.6230999875068566
2017-11-03 19:00:00-07:00,69,1.5,2.2510000205039944
2017-11-03 20:00:00-07:00,61,6.90000009536743,3.1962000441551126
2017-11-03 20:00:00-07:00,62,2.09999990463257,3.746700084209447
2017-11-03 20:00:00-07:00,63,3.95000004768372,2.0998000073432816
2017-11-03 20:00:00-07:00,64,,2.393899991512301
2017-11-03 20:00:00-07:00,66,,2.6080000096559584
2017-11-03 20:00:00-07:00,67,,4.929000104665761
2017-11-03 20:00:00-07:00,68,,3.5317000544071284
2017-11-03 20:00:00-07:00,69,3.59999990463257,2.079700001478203
2017-11-03 21:00:00-07:00,61,6.69999980926514,2.5363499736785915
2017-11-03 21:00:00-07:00,62,2.59999990463257,2.5643999838829075
2017-11-03 21:00:00-07:00,63,3.79999995231628,1.8638499891757956
2017-11-03 21:00:00-07:00,64,4.30000019073486,3.2964999651908897
2017-11-03 21:00:00-07:00,66,,3.516099929809572
2017-11-03 21:00:00-07:00,67,,2.64119994521141
2017-11-03 21:00:00-07:00,68,,2.019149984121327
2017-11-03 21:00:00-07:00,69,1.60000002384186,3.046649985313424
2017-11-03 22:00:00-07:00,61,,3.0056499767303393
2017-11-03 22:00:00-07:00,62,3.40000009536743,4.59875005483627
2017-11-03 22:00:00-07:00,63,5.14999997615814,2.5138316487073897
2017-11-03 22:00:00-07:00,64,,3.493644938111295
2017-11-03 22:00:00-07:00,66,,3.078086675643922
2017-11-03 22:00:00-07:00,67,,4.291336711883545
2017-11-03 22:00:00-07:00,68,,3.4600000286102315
2017-11-03 22:00:00-07:00,69,0.800000011920929,3.4559216324090904
2017-11-03 23:00:00-07:00,61,4.59999990463257,3.169300025701519
2017-11-03 23:00:00-07:00,62,4.40000009536743,3.764700089693063
2017-11-03 23:00:00-07:00,63,2.89999997615814,1.961433337529492
2017-11-03 23:00:00-07:00,64,,2.8071333172718695
2017-11-03 23:00:00-07:00,66,,2.9072083250681526
2017-11-03 23:00:00-07:00,67,,4.24480009635289
2017-11-03 23:00:00-07:00,68,,3.6918001067638357
2017-11-03 23:00:00-07:00,69,4.80000019073486,2.89517500579357
2017-11-04 00:00:00-07:00,61,4.69999980926514,3.1025000107288427
2017-11-04 00:00:00-07:00,62,6.5,2.6446333171923992
2017-11-04 00:00:00-07:00,63,3.84999990463257,2.0836024972597844
2017-11-04 00:00:00-07:00,64,,3.119845828811332
2017-11-04 00:00:00-07:00,66,,3.4083233496348075
2017-11-04 00:00:00-07:00,67,,3.033839985370644
2017-11-04 00:00:00-07:00,68,,2.7425000190734963
2017-11-04 00:00:00-07:00,69,2.40000009536743,3.0114441530704568
2017-11-04 01:00:00-07:00,61,6.69999980926514,7.51079994201661
2017-11-04 01:00:00-07:00,62,2.70000004768372,5.167700014114388
2017-11-04 01:00:00-07:00,63,3.09999990463257,3.0778000068664575
2017-11-04 01:00:00-07:00,64,1.29999995231628,4.969499980211262
2017-11-04 01:00:00-07:00,66,,4.908100029230125
2017-11-04 01:00:00-07:00,67,,6.856349946260458
2017-11-04 01:00:00-07:00,68,,6.502649968862538
2017-11-04 01:00:00-07:00,69,3.5,3.8349500083923385
2017-11-04 02:00:00-07:00,61,,5.0609500741958655
2017-11-04 02:00:00-07:00,62,6.40000009536743,5.368700071573269
2017-11-04 02:00:00-07:00,63,3.75000011920929,3.313700020313254
2017-11-04 02:00:00-07:00,64,3.40000009536743,5.903700050115583
2017-11-04 02:00:00-07:00,66,,6.467300035953521
2017-11-04 02:00:00-07:00,67,,4.124850018024448
2017-11-04 02:00:00-07:00,68,,5.049300034046173
2017-11-04 02:00:00-07:00,69,,5.376800014972686
2017-11-04 03:00:00-07:00,61,5.19999980926514,4.8446150528192575
2017-11-04 03:00:00-07:00,62,6.19999980926514,7.234800102710725
2017-11-04 03:00:00-07:00,63,11.5,3.7432833635807086
2017-11-04 03:00:00-07:00,64,,5.606291720271113
2017-11-04 03:00:00-07:00,66,,6.465150034427637
2017-11-04 03:00:00-07:00,67,,3.196466685533526
2017-11-04 03:00:00-07:00,68,,5.0755500447750155
2017-11-04 03:00:00-07:00,69,2.90000009536743,5.971700123548507
2017-11-04 04:00:00-07:00,61,7.59999990463257,6.440400068759914
2017-11-04 04:00:00-07:00,62,10.1000003814697,8.924499940872177
2017-11-04 04:00:00-07:00,63,12.1499996185303,4.1659999740123705
2017-11-04 04:00:00-07:00,64,0.300000011920929,6.732749958038323
2017-11-04 04:00:00-07:00,66,,7.515449936389922
2017-11-04 04:00:00-07:00,67,,3.805700000524519
2017-11-04 04:00:00-07:00,68,,7.787050005197517
2017-11-04 04:00:00-07:00,69,,5.247499986886975
2017-11-04 05:00:00-07:00,61,8.39999961853027,4.440513347148887
2017-11-04 05:00:00-07:00,62,8.19999980926514,6.3243832600116745
2017-11-04 05:00:00-07:00,63,12.1999998092651,2.9621133134364968
2017-11-04 05:00:00-07:00,64,3.90000009536743,5.681173348903652
2017-11-04 05:00:00-07:00,66,,7.544970176458352
2017-11-04 05:00:00-07:00,67,,6.430349982976921
2017-11-04 05:00:00-07:00,68,,3.4360999882221197
2017-11-04 05:00:00-07:00,69,0.400000005960464,5.8216550568342225
2017-11-04 06:00:00-07:00,61,4.5,3.6652566354274807
2017-11-04 06:00:00-07:00,62,3.09999990463257,3.9812000072002487
2017-11-04 06:00:00-07:00,63,6.44999980926514,2.8251566081047095
2017-11-04 06:00:00-07:00,64,3.79999995231628,6.274284988760961
2017-11-04 06:00:00-07:00,66,,6.129050029516241
2017-11-04 06:00:00-07:00,67,,4.024116655588157
2017-11-04 06:00:00-07:00,68,,3.179286649465565
2017-11-04 06:00:00-07:00,69,,6.244366664886494
2017-11-04 07:00:00-07:00,61,3.69999992847443,2.502799988985055
2017-11-04 07:00:00-07:00,62,1.5,3.3509000301361134
2017-11-04 07:00:00-07:00,63,4.00000011920929,2.6280999970436056
2017-11-04 07:00:00-07:00,64,3.09999990463257,6.167000105381016
2017-11-04 07:00:00-07:00,66,3.09999990463257,3.5428000187873785
2017-11-04 07:00:00-07:00,67,,3.961800031661994
2017-11-04 07:00:00-07:00,68,2.90000009536743,2.884600014686587
2017-11-04 07:00:00-07:00,69,2.04999998211861,6.711100101470949
2017-11-04 08:00:00-07:00,61,4.59999990463257,2.5515333282947523
2017-11-04 08:00:00-07:00,62,2.70000004768372,2.7734999763965504
2017-11-04 08:00:00-07:00,63,4.40000009536743,2.0664016569852883
2017-11-04 08:00:00-07:00,64,1.5,3.6676000142097447
2017-11-04 08:00:00-07:00,66,,4.181216725110998
2017-11-04 08:00:00-07:00,67,,3.2773333489894902
2017-11-04 08:00:00-07:00,68,,2.5557566528320397
2017-11-04 08:00:00-07:00,69,1.5,3.705200017690654
2017-11-04 09:00:00-07:00,61,4.5,2.566743383526804
2017-11-04 09:00:00-07:00,62,1.89999997615814,2.2325199892520793
2017-11-04 09:00:00-07:00,63,8.80000019073486,1.8945100111961395
2017-11-04 09:00:00-07:00,64,0.899999976158142,4.397286695480343
2017-11-04 09:00:00-07:00,66,,4.132460093021393
2017-11-04 09:00:00-07:00,67,,3.111383369565001
2017-11-04 09:00:00-07:00,68,,2.2553666985034884
2017-11-04 09:00:00-07:00,69,1.79999995231628,4.270686714291571
2017-11-04 10:00:00-07:00,61,4.5,2.3001499938964862
2017-11-04 10:00:00-07:00,62,2.40000009536743,2.233700023889547
2017-11-04 10:00:00-07:00,63,2.99999994039536,1.8102000141143773
2017-11-04 10:00:00-07:00,64,3.09999990463257,3.7518000423908244
2017-11-04 10:00:00-07:00,66,,5.812400031089778
2017-11-04 10:00:00-07:00,67,,3.060250061750409
2017-11-04 10:00:00-07:00,68,,2.1649000144004837
2017-11-04 10:00:00-07:00,69,2.90000009536743,3.945000019073486
2017-11-04 11:00:00-07:00,61,4.19999980926514,2.5577012093578
2017-11-04 11:00:00-07:00,62,1.5,2.0375583571195612
2017-11-04 11:00:00-07:00,63,5.40000009536743,1.7337249845266243
2017-11-04 11:00:00-07:00,64,1.5,2.9487250119447648
2017-11-04 11:00:00-07:00,66,,4.205509581736154
2017-11-04 11:00:00-07:00,67,,3.6771999979019103
2017-11-04 11:00:00-07:00,68,,2.5410499918460765
2017-11-04 11:00:00-07:00,69,3.20000004768372,3.2934083658456803
2017-11-04 12:00:00-07:00,61,4.69999980926514,2.9241583169499936
2017-11-04 12:00:00-07:00,62,0.899999976158142,2.0077000105380964
2017-11-04 12:00:00-07:00,63,1.65000004693866,1.67546665767828
2017-11-04 12:00:00-07:00,64,,2.9117833099762542
2017-11-04 12:00:00-07:00,66,,5.097383250594124
2017-11-04 12:00:00-07:00,67,,3.2671416317423105
2017-11-04 12:00:00-07:00,68,,2.5500249859690634
2017-11-04 12:00:00-07:00,69,,3.1770832977692223
2017-11-04 13:00:00-07:00,61,4.09999990463257,2.51225000560283
2017-11-04 13:00:00-07:00,62,2.29999995231628,2.304400029182432
2017-11-04 13:00:00-07:00,63,2.35000002384186,1.6737750262021933
2017-11-04 13:00:00-07:00,64,2.59999990463257,2.269775000810613
2017-11-04 13:00:00-07:00,66,,3.6893166506290402
2017-11-04 13:00:00-07:00,67,,3.859799970388414
2017-11-04 13:00:00-07:00,68,,2.6865999972820287
2017-11-04 13:00:00-07:00,69,,2.431766663789743
2017-11-04 14:00:00-07:00,61,,2.1001000428199905
2017-11-04 14:00:00-07:00,62,0.300000011920929,2.4193000042438513
2017-11-04 14:00:00-07:00,63,6.54999983310699,1.6560583490133283
2017-11-04 14:00:00-07:00,64,1.5,2.3697667181491777
2017-11-04 14:00:00-07:00,66,,2.799808388352389
2017-11-04 14:00:00-07:00,67,,3.35343340396882
2017-11-04 14:00:00-07:00,68,,2.282900034189229
2017-11-04 14:00:00-07:00,69,,2.1526983665227846
2017-11-04 15:00:00-07:00,61,4.5,2.390466648340226
2017-11-04 15:00:00-07:00,62,2.40000009536743,2.3015999460220424
2017-11-04 15:00:00-07:00,63,3.35000002384186,1.771606661558149
2017-11-04 15:00:00-07:00,64,3.90000009536743,2.4806499826908137
2017-11-04 15:00:00-07:00,66,,2.918718303561212
2017-11-04 15:00:00-07:00,67,,3.487284926295274
2017-11-04 15:00:00-07:00,68,,2.2654166316986046
2017-11-04 15:00:00-07:00,69,,2.4082399897575435
2017-11-04 16:00:00-07:00,61,6.19999980926514,2.596709031684048
2017-11-04 16:00:00-07:00,62,0.400000005960464,2.7990999686717952
2017-11-04 16:00:00-07:00,63,,1.708742372615001
2017-11-04 16:00:00-07:00,64,0.200000002980232,2.622702389104031
2017-11-04 16:00:00-07:00,66,,2.987200026512159
2017-11-04 16:00:00-07:00,67,,3.9179000031948075
2017-11-04 16:00:00-07:00,68,,2.566899999380114
2017-11-04 16:00:00-07:00,69,0.600000023841858,2.294435712439677
2017-11-04 17:00:00-07:00,61,6.59999990463257,3.252399990558617
2017-11-04 17:00:00-07:00,62,,2.991650031805026
2017-11-04 17:00:00-07:00,63,4.35000002384186,2.192300015687932
2017-11-04 17:00:00-07:00,64,4.19999980926514,3.2681000077724374
2017-11-04 17:00:00-07:00,66,,2.279449999332421
2017-11-04 17:00:00-07:00,67,,3.729249970912935
2017-11-04 17:00:00-07:00,68,,3.701750007867817
2017-11-04 17:00:00-07:00,69,2.70000004768372,2.633899976015085
